1000
10
2 1 817
4 9 127
5 3 -517
3 1 -71
1 9 -927
6 8 925
8 9 879
9 7 245
7 10 -115
10
3 7 15
4 7 -145
5 9 -643
6 8 87
7 9 23
8 9 45
9 2 -35
2 1 567
1 10 -15
10
1 2 -95
3 10 55
5 2 -223
8 7 -455
7 4 -65
9 4 495
4 6 -335
6 2 457
2 10 -567
10
1 6 129
2 4 -237
3 8 -5
5 6 -45
7 4 311
4 6 -631
6 8 835
8 9 -965
9 10 -535
10
4 1 -687
1 3 -11
3 7 -255
7 2 145
2 5 -485
8 5 -525
5 6 -51
6 10 955
9 10 -19
10
1 5 -563
4 8 69
5 3 -23
3 9 75
6 2 -801
7 10 -983
9 8 -15
8 2 -35
2 10 -935
10
1 9 455
3 4 -347
4 6 -511
5 2 -65
2 7 -75
6 9 -87
7 10 679
8 10 387
9 10 -55
10
3 9 -965
5 4 311
4 6 -541
6 7 975
7 1 395
1 8 -815
8 10 327
9 2 165
2 10 -551
10
1 7 -855
3 6 663
7 5 -539
8 9 -605
9 2 -291
2 4 -55
4 5 -47
5 6 -579
6 10 -79
10
2 3 847
5 4 975
4 3 79
3 8 -31
6 1 -57
1 8 273
7 10 -5
9 8 -55
8 10 89
10
1 4 -663
4 5 -903
5 3 -239
7 3 75
3 2 109
2 9 -545
8 9 -267
9 6 -333
6 10 -671
10
1 3 -175
2 6 905
3 4 -15
4 9 -275
6 7 487
7 5 275
8 5 19
5 10 255
9 10 -479
10
4 5 127
8 2 423
2 1 -265
1 7 -983
7 5 27
5 10 535
9 6 487
6 3 -85
3 10 -227
10
1 2 395
2 8 823
3 6 -3
6 4 -255
7 5 -687
9 5 -403
5 4 15
4 8 -543
8 10 415
10
5 1 221
7 3 269
3 6 -935
6 2 -55
2 1 405
8 1 63
1 4 -311
4 10 -901
9 10 137
10
1 3 103
3 8 375
4 8 515
5 10 -377
6 2 -559
2 8 79
8 9 709
9 7 -675
7 10 17
10
3 8 315
5 4 575
6 2 -973
2 8 183
7 1 -797
8 9 903
9 4 -495
4 1 71
1 10 -39
10
1 2 -455
2 4 -85
4 6 75
7 8 147
9 6 81
6 8 -903
8 5 575
5 3 -55
3 10 -663
10
1 6 -735
2 7 11
6 4 489
4 3 -723
9 3 895
3 7 65
7 8 -215
8 5 -727
5 10 171
10
2 10 -449
3 5 -925
7 5 -971
5 4 85
4 10 -139
8 1 143
1 10 295
9 6 -35
6 10 -99
10
3 9 -35
7 4 143
4 6 -439
6 9 137
9 8 -103
8 2 15
2 1 -885
1 5 -855
5 10 -279
10
1 10 -95
2 7 639
5 4 -219
4 10 755
6 3 -605
8 3 63
9 3 -807
3 7 -31
7 10 775
10
2 1 113
1 9 95
5 7 11
7 4 -707
4 10 -931
9 6 -535
6 8 -701
8 3 -927
3 10 851
10
2 8 989
6 5 43
7 1 185
8 5 999
5 1 987
9 1 387
1 4 47
4 3 -635
3 10 15
10
2 3 707
4 8 -319
6 5 -27
7 3 -85
3 5 -911
8 1 427
1 9 575
9 5 839
5 10 -731
10
1 10 75
5 4 -985
4 8 71
7 6 707
6 10 81
8 10 -69
9 3 -55
3 2 -147
2 10 791
10
6 5 63
5 1 -389
8 2 905
2 3 599
3 7 -685
9 7 141
7 1 -415
1 4 -829
4 10 325
10
1 4 599
3 2 -935
4 10 535
8 2 183
9 7 -751
7 5 -195
5 6 -61
6 2 -71
2 10 623
10
1 6 415
2 10 -295
4 3 855
5 6 -943
7 3 -673
9 8 815
8 3 519
3 6 -591
6 10 539
10
2 8 -759
3 5 -39
4 5 77
5 9 -903
6 7 525
8 9 -15
9 1 -103
1 7 103
7 10 887
10
1 9 19
3 2 95
5 4 91
6 4 -105
8 4 -887
4 7 -135
7 2 -257
9 2 531
2 10 -19
10
1 9 -647
3 7 -87
5 10 -187
6 8 -599
7 4 913
4 10 -367
8 2 895
2 10 -555
9 10 -703
10
2 1 -959
1 4 779
3 10 653
5 9 -735
6 10 17
7 10 -577
8 4 -335
4 10 409
9 10 51
10
1 8 -895
3 9 125
4 5 -719
6 5 -31
8 5 183
5 2 -107
2 7 -607
7 9 659
9 10 -433
10
5 3 531
6 3 -959
8 2 -585
2 1 729
1 4 -17
4 3 -23
3 10 279
9 7 765
7 10 455
10
5 2 55
6 4 -491
8 2 -805
2 1 -231
1 3 959
3 9 67
9 7 335
7 4 -279
4 10 679
10
1 10 -295
4 5 609
5 6 989
7 3 673
8 2 -95
2 10 -763
9 6 895
6 3 711
3 10 -7
10
1 10 431
2 6 -115
5 10 15
8 3 135
3 7 5
7 6 -575
6 4 -959
9 4 487
4 10 983
10
3 10 -599
6 4 977
4 2 55
8 1 955
9 5 631
5 7 -893
7 2 379
2 1 -401
1 10 -723
10
3 10 -895
4 1 51
7 8 35
9 2 -19
2 5 35
5 6 -191
6 1 355
1 8 -67
8 10 -33
10
2 7 -671
4 5 655
5 8 -759
7 3 -403
8 3 99
9 6 847
6 3 -815
3 1 -791
1 10 35
10
4 9 551
5 6 995
6 9 -103
9 8 -455
8 7 413
7 3 535
3 2 -695
2 1 351
1 10 351
10
4 9 -59
5 1 61
1 6 19
7 3 -341
3 6 83
8 9 -75
9 6 -135
6 2 63
2 10 399
10
1 4 -823
6 8 -91
7 8 55
8 4 -23
4 2 -103
2 5 447
5 9 5
9 3 -871
3 10 -395
10
2 3 -965
3 6 -75
4 1 -97
5 1 699
6 1 -311
1 8 -5
8 9 935
9 7 691
7 10 -39
10
3 2 663
6 9 343
8 5 605
5 7 215
7 1 -55
1 2 -659
2 9 739
9 4 95
4 10 79
10
3 2 527
2 7 429
5 9 -479
7 4 7
9 4 55
4 1 677
1 8 -655
8 6 -687
6 10 -75
10
1 7 -259
4 10 -675
6 8 -625
8 7 -487
7 2 35
9 5 551
5 2 3
2 3 -337
3 10 15
10
1 9 565
8 6 227
6 4 -315
4 2 -5
2 3 -95
3 5 -155
5 10 735
9 7 71
7 10 -975
10
2 1 -33
4 7 389
6 5 -471
5 3 -963
3 10 443
7 9 -83
9 1 -91
1 8 75
8 10 15
10
1 9 527
3 8 -91
4 9 487
7 8 159
8 6 135
6 2 -605
9 5 -55
5 2 69
2 10 -7
10
3 1 791
1 6 -55
4 8 395
5 6 -255
6 2 435
7 9 55
9 8 -85
8 2 841
2 10 -711
10
4 6 105
6 8 331
7 3 709
3 2 465
8 5 -723
5 1 817
1 9 395
9 2 85
2 10 -441
10
1 10 -695
4 2 11
6 3 -43
3 5 465
5 9 135
7 2 155
2 10 -461
9 8 -455
8 10 215
10
2 3 635
4 3 925
7 9 63
8 5 -23
5 3 801
3 1 -763
9 6 -263
6 1 79
1 10 927
10
2 5 995
3 5 815
5 4 -887
6 1 -173
1 4 143
4 7 895
7 10 -443
8 10 -53
9 10 563
10
3 2 589
2 4 693
4 10 -255
5 1 163
1 7 -495
7 6 -285
6 10 -867
8 10 231
9 10 661
10
1 9 -79
5 8 -567
6 3 -71
3 2 -507
7 8 -23
8 4 -623
4 2 229
2 10 -5
9 10 -113
10
1 6 -415
5 4 375
4 7 599
7 2 405
2 3 731
8 9 991
9 3 439
3 6 -47
6 10 -203
10
1 5 583
2 10 251
4 5 -35
8 3 -655
9 6 135
6 3 -87
3 7 -231
7 5 -507
5 10 787
10
4 2 735
6 2 263
2 5 -43
5 8 793
7 8 609
8 1 51
9 3 69
3 1 -161
1 10 -357
10
1 8 619
2 7 81
6 5 -119
5 3 -689
3 9 -15
8 4 -41
4 7 -65
9 7 85
7 10 67
10
2 7 -623
3 4 19
4 1 -273
6 9 -801
7 1 439
1 5 -15
8 9 -625
9 5 -183
5 10 -551
10
2 9 -495
4 7 817
5 8 -675
6 7 7
7 9 -51
8 1 901
1 3 47
3 9 15
9 10 -887
10
1 8 -481
4 10 -55
5 9 -615
6 3 -183
3 8 965
7 10 943
8 10 -791
9 2 -99
2 10 -343
10
3 8 -555
5 1 -783
6 9 -495
8 7 477
9 2 383
2 1 575
1 4 -55
4 7 79
7 10 423
10
2 10 3
4 3 -239
6 3 55
7 9 455
8 5 -655
5 3 185
3 10 955
9 1 -695
1 10 429
10
3 1 -503
1 5 671
4 10 67
8 6 -583
9 2 947
2 6 -19
6 5 -975
5 7 -423
7 10 -71
10
6 2 35
8 9 959
9 7 -427
7 3 369
3 1 -595
1 4 823
4 5 -775
5 2 -55
2 10 527
10
2 10 -51
4 1 -485
6 10 987
8 1 -455
1 3 935
3 5 487
5 7 -423
7 10 463
9 10 -319
10
2 1 -15
1 7 -13
7 4 91
4 5 447
8 10 143
9 6 -755
6 3 -957
3 5 775
5 10 115
10
1 5 -797
3 10 585
4 5 -485
5 2 -875
7 2 75
2 10 823
9 8 -385
8 6 635
6 10 -347
10
2 4 -567
3 4 -11
5 8 -63
8 1 231
9 7 -55
7 6 255
6 4 611
4 1 501
1 10 -615
10
1 5 -575
2 6 667
3 5 -875
4 5 -367
5 9 -823
7 10 -265
9 8 23
8 6 267
6 10 -519
10
2 7 203
3 7 415
4 8 67
8 1 -647
1 6 755
6 9 -291
9 7 -475
7 5 -55
5 10 519
10
1 10 31
3 10 -855
4 10 75
6 10 -79
7 10 -725
8 2 -375
2 5 19
9 5 -75
5 10 103
10
3 10 -835
4 8 157
6 10 27
7 10 -665
9 1 295
1 5 795
5 8 -691
8 2 539
2 10 -295
10
2 5 -95
3 1 43
1 7 -985
4 8 543
7 10 677
8 9 731
9 5 -183
5 6 -517
6 10 -23
10
1 4 375
4 7 -83
5 10 711
6 8 -15
8 3 -79
9 3 -689
3 2 785
2 7 35
7 10 -11
10
1 9 -291
2 3 -275
4 3 857
5 6 -459
6 9 -65
8 10 757
9 7 755
7 3 -65
3 10 -59
10
1 7 87
2 4 19
4 9 -715
6 10 25
7 3 -281
8 3 141
3 5 -81
5 9 375
9 10 67
10
1 5 -827
4 5 -599
5 9 -239
6 2 285
2 3 -755
3 9 -31
9 8 545
8 7 41
7 10 187
10
2 6 653
5 4 611
7 9 19
8 3 -475
3 6 -207
9 1 -443
1 4 939
4 6 -675
6 10 959
10
3 8 695
4 1 -867
6 9 887
7 9 -15
8 5 967
5 2 769
2 1 -87
1 10 -31
9 10 65
10
1 10 67
3 7 -887
7 2 -65
2 5 179
5 9 99
8 4 -59
4 6 695
6 10 911
9 10 -5
10
2 6 -279
8 1 -27
1 5 75
5 7 825
9 4 -455
4 3 -55
3 6 -55
6 7 843
7 10 335
10
1 2 55
2 10 995
3 7 -339
5 4 -799
8 6 215
9 6 -185
6 7 895
7 4 785
4 10 -435
10
1 8 -21
2 3 -47
5 6 -983
7 4 -445
4 9 763
9 8 953
8 6 -113
6 3 191
3 10 95
10
1 3 13
2 10 -557
4 9 -55
6 5 -135
5 10 -95
7 9 145
8 9 -701
9 3 853
3 10 821
10
1 3 391
4 8 -39
7 6 -55
8 5 -403
5 6 -83
6 2 775
2 3 -79
3 10 935
9 10 -335
10
1 2 -483
5 2 -751
6 2 181
7 4 -419
8 2 -493
2 4 3
9 3 37
3 4 -405
4 10 -931
10
1 2 641
7 5 -999
5 8 943
8 4 -959
4 2 -735
2 10 13
9 6 135
6 3 -45
3 10 839
10
1 7 55
2 5 -27
4 3 771
3 5 -429
8 6 -747
9 7 -555
7 5 -359
5 6 -137
6 10 445
10
1 9 -263
2 5 -115
3 9 -359
7 4 875
8 4 811
4 6 -669
9 5 -79
5 6 455
6 10 -763
10
6 2 -83
2 1 -629
1 8 841
7 5 27
5 3 27
3 9 211
8 4 -795
9 4 565
4 10 -495
10
5 1 431
8 2 -327
9 6 599
6 3 -255
3 4 559
4 1 -83
1 7 487
7 2 851
2 10 -63
10
2 1 -651
1 9 55
4 8 -655
5 3 215
8 6 95
6 10 -89
9 7 -575
7 3 -233
3 10 -37
10
3 1 -39
1 8 -951
4 2 25
5 2 -711
8 6 -949
6 2 687
2 7 -711
7 10 -903
9 10 -325
10
2 7 -43
4 9 985
5 6 255
6 1 -855
1 3 87
3 7 -31
7 8 189
8 10 705
9 10 637
10
3 4 -627
4 2 75
2 1 -895
6 7 -781
7 5 159
5 9 -27
8 9 -175
9 1 643
1 10 -19
10
1 9 959
2 8 87
3 7 807
5 6 715
6 9 -103
7 4 97
4 10 -823
8 10 805
9 10 283
10
3 1 -519
7 2 205
2 5 -551
5 1 -407
8 1 -223
1 6 255
9 4 -207
4 6 -201
6 10 943
10
1 2 -49
2 6 -63
3 10 -855
4 6 677
8 6 45
6 7 423
7 10 -695
9 5 -45
5 10 291
10
1 4 855
2 9 7
5 6 337
7 10 847
9 6 423
6 4 -923
4 8 97
8 3 -577
3 10 -945
10
1 10 411
3 6 -95
6 7 391
7 5 -63
5 2 -5
8 4 861
4 10 451
9 2 973
2 10 355
10
1 4 -999
5 2 979
6 7 -43
7 4 -727
4 8 -781
9 8 -567
8 3 345
3 2 -55
2 10 991
10
2 4 631
4 1 -563
6 1 631
8 5 -635
5 1 239
1 7 -505
7 3 265
3 10 471
9 10 -261
10
1 3 589
5 8 -235
7 4 -855
8 2 17
2 3 -519
3 4 -51
9 4 -875
4 6 775
6 10 529
10
1 4 -945
2 10 -643
5 10 383
6 10 -77
8 7 95
9 3 395
3 4 -109
4 7 -15
7 10 21
10
1 4 -507
3 2 415
4 10 -83
7 2 -139
2 9 -887
8 6 855
6 10 555
9 5 -899
5 10 563
10
1 2 -71
3 7 823
5 10 -251
6 10 -719
8 7 -7
9 2 643
2 7 121
7 4 39
4 10 215
10
3 2 -23
4 1 15
1 8 151
5 7 -1
6 2 85
2 10 231
7 8 -951
8 10 79
9 10 -751
10
2 9 145
3 1 -263
8 7 781
7 6 -267
6 1 19
1 5 245
5 10 -945
9 4 -323
4 10 -47
10
1 9 -103
2 7 -615
3 5 15
4 8 -517
5 9 -491
6 7 383
7 9 3
8 10 203
9 10 -863
10
2 8 -1
3 7 -223
6 1 -23
7 10 -51
8 5 933
9 4 465
4 5 -447
5 1 935
1 10 -429
10
4 10 -983
7 3 675
9 5 -151
5 8 -663
8 2 615
2 1 351
1 3 163
3 6 -375
6 10 -815
10
1 7 917
3 2 173
6 5 -15
7 9 415
8 4 827
4 2 -301
2 10 219
9 5 991
5 10 39
10
2 1 331
1 3 245
5 10 -789
7 9 99
8 4 803
4 6 -111
6 9 -69
9 3 839
3 10 527
10
1 6 191
3 2 -455
2 5 481
4 9 355
5 8 543
6 7 -305
7 8 661
8 9 -679
9 10 655
10
2 6 613
3 1 903
4 5 -277
7 6 -63
6 10 -55
8 5 47
5 9 487
9 1 199
1 10 185
10
2 3 341
4 3 -105
3 9 -385
5 6 605
6 1 -145
7 1 23
1 8 -343
9 8 317
8 10 23
10
1 7 -5
3 7 -287
4 8 -415
5 9 951
6 9 111
7 8 -367
8 2 -935
2 9 625
9 10 7
10
7 2 625
2 5 -739
9 5 79
5 4 -743
4 3 43
3 1 59
1 8 -247
8 6 -835
6 10 -55
10
1 4 83
3 2 -487
2 4 -75
4 7 119
5 10 -23
6 7 -45
9 8 -405
8 7 -483
7 10 -373
10
2 10 371
6 4 -759
4 9 631
7 1 -35
1 3 859
3 8 601
9 8 -439
8 5 -581
5 10 927
10
3 2 -557
5 10 847
6 4 -87
4 1 -929
7 10 19
9 8 5
8 1 43
1 2 95
2 10 -61
10
1 6 -55
2 6 -55
5 6 143
6 7 693
8 3 -489
3 7 -75
9 4 -171
4 7 -85
7 10 -71
10
6 3 -391
7 2 439
2 1 83
1 9 875
8 5 -59
5 3 -955
3 9 11
9 4 445
4 10 395
10
1 10 79
2 4 115
4 6 -91
5 3 919
7 3 -427
3 10 419
9 6 507
6 8 77
8 10 -989
10
3 6 441
4 1 839
7 5 -223
5 1 63
1 10 -25
8 6 -55
6 2 -609
2 10 -799
9 10 -23
10
2 1 -959
1 10 -475
4 3 -339
3 9 -255
5 7 321
6 9 -863
7 9 -845
9 8 -511
8 10 615
10
3 5 263
4 2 -55
6 5 995
5 8 311
7 2 -615
9 1 35
1 2 505
2 8 927
8 10 223
10
1 2 -625
4 9 -263
5 10 655
6 2 105
2 7 129
7 8 -67
9 3 -255
3 8 -35
8 10 -157
10
2 9 439
6 4 -487
4 5 -575
5 7 -95
7 1 423
1 8 -71
8 3 -875
3 9 7
9 10 549
10
2 6 -855
3 9 615
6 10 875
8 1 215
1 4 75
4 9 -463
9 7 923
7 5 -595
5 10 683
10
2 1 -767
3 7 -705
5 6 729
6 7 69
7 1 39
1 4 -89
4 10 935
9 8 775
8 10 -711
10
1 5 -535
3 6 571
4 10 -303
6 8 355
7 2 -23
2 5 723
9 5 -35
5 8 939
8 10 -211
10
3 2 -273
4 1 -171
5 7 569
7 2 -855
2 1 919
1 6 -47
8 6 787
9 6 -333
6 10 -215
10
8 7 405
7 2 -45
2 6 -831
6 5 -669
9 1 -895
1 3 -867
3 5 579
5 4 -267
4 10 -423
10
4 3 19
3 2 227
5 7 -83
8 2 -679
9 1 -927
1 2 -973
2 7 -799
7 6 127
6 10 -295
10
1 9 -259
4 7 -7
5 7 665
7 3 911
3 2 -67
2 6 -59
6 9 139
8 9 743
9 10 -215
10
1 3 -441
3 9 27
5 2 -331
6 4 355
4 8 -333
7 8 323
8 2 559
2 9 79
9 10 -425
10
2 4 955
4 6 87
5 3 -215
7 1 31
8 1 -195
1 6 -875
6 3 -483
9 3 -19
3 10 -725
10
2 10 427
4 10 -491
5 7 117
6 1 95
1 10 515
9 3 -247
3 8 -327
8 7 19
7 10 -439
10
3 2 -347
4 1 315
5 2 511
2 8 83
6 9 -45
7 10 -431
9 1 -459
1 8 -719
8 10 -853
10
1 4 -505
2 9 15
4 3 -343
3 5 695
7 6 247
6 5 -89
9 8 975
8 5 -59
5 10 -99
10
3 4 91
4 10 -855
5 1 -599
8 6 531
9 2 -991
2 1 361
1 6 407
6 7 31
7 10 -211
10
1 9 -679
8 9 549
9 6 -79
6 5 573
5 3 265
3 7 -987
7 4 -61
4 2 55
2 10 -33
10
3 1 17
1 5 -255
4 5 697
5 9 767
6 2 545
7 2 375
2 8 -111
8 10 -83
9 10 -89
10
1 3 -855
3 6 975
4 7 -511
5 7 -729
8 10 -695
9 7 391
7 6 -595
6 2 -51
2 10 -163
10
4 7 75
6 5 -79
5 3 191
3 1 319
7 8 -563
9 2 -775
2 8 855
8 1 -15
1 10 -181
10
1 9 575
2 7 -791
3 8 -111
5 10 55
6 8 535
9 8 -385
8 7 -991
7 4 95
4 10 855
10
2 6 -761
4 8 15
5 3 -905
3 10 -871
6 7 75
7 10 -799
9 1 -185
1 8 -515
8 10 -499
10
1 7 -391
4 10 -159
5 3 -783
3 9 963
7 10 803
8 10 61
9 6 -83
6 2 711
2 10 239
10
2 10 -895
3 1 35
1 5 99
4 9 895
6 10 367
8 7 553
7 10 93
9 5 231
5 10 815
10
1 8 755
2 10 -227
7 6 -75
9 8 835
8 4 -235
4 6 723
6 5 -87
5 3 -83
3 10 635
10
6 2 -7
7 2 -195
9 2 -247
2 4 741
4 8 815
8 5 335
5 3 255
3 1 -819
1 10 -161
10
1 8 767
2 9 79
3 10 891
5 4 -999
8 7 -241
7 4 731
4 6 95
9 6 -11
6 10 -599
10
5 2 517
2 6 543
6 1 -859
1 10 -107
7 3 223
9 4 99
4 8 -361
8 3 927
3 10 249
10
1 8 -425
4 6 55
5 10 143
6 8 -423
7 2 17
8 10 -515
9 2 -415
2 3 163
3 10 -745
10
1 7 -433
5 8 -811
7 6 127
8 6 -751
6 2 -87
2 9 971
9 4 927
4 3 655
3 10 -453
10
2 1 -583
4 8 -639
5 9 -135
7 6 -775
6 1 -877
1 8 247
8 3 -525
9 3 -305
3 10 373
10
1 2 -617
2 7 -421
5 3 -19
3 6 355
6 10 -367
7 10 -355
8 9 -61
9 4 -609
4 10 231
10
1 7 51
3 2 -407
2 5 995
5 9 517
7 6 11
6 8 939
8 4 135
4 9 545
9 10 -465
10
3 8 -11
5 4 -671
4 2 -943
2 1 -215
7 1 415
1 6 63
8 10 -39
9 6 -669
6 10 -831
10
2 9 -555
5 7 183
6 3 -809
7 1 -551
1 8 -751
8 3 957
3 4 -687
4 9 -659
9 10 825
10
2 8 -743
3 1 927
4 1 595
5 1 -723
6 7 -887
7 8 -799
8 1 -59
1 9 403
9 10 -591
10
1 9 55
2 7 63
3 5 399
6 5 35
5 7 949
7 8 -17
8 4 -275
9 4 -975
4 10 999
10
2 7 873
5 3 383
3 4 -903
4 10 -43
7 1 959
1 10 -311
8 6 -403
9 6 925
6 10 -763
10
5 3 445
7 3 23
3 8 -871
8 6 703
6 2 935
2 9 -499
9 1 -31
1 4 395
4 10 -999
10
5 4 479
4 3 395
7 6 75
6 1 735
1 3 -183
8 3 -55
3 10 -779
9 2 727
2 10 -679
10
2 5 -123
5 7 -595
6 1 773
7 4 -295
8 1 -585
1 9 -225
9 4 -535
4 3 913
3 10 343
10
3 6 -603
4 1 -889
1 5 -247
5 8 887
8 7 565
7 6 91
6 2 -951
9 2 -41
2 10 -109
10
4 3 175
5 2 -359
2 7 -955
7 6 -783
6 9 15
8 3 -495
9 3 391
3 1 -43
1 10 -803
10
4 1 907
1 6 -93
5 6 -73
8 2 -87
2 7 -943
7 3 79
3 9 -775
9 6 -615
6 10 765
10
1 8 695
2 8 767
6 3 23
3 5 -77
8 7 69
7 5 -43
9 4 911
4 5 35
5 10 919
10
3 2 -255
4 1 -675
5 2 445
2 8 697
6 9 607
9 7 -859
7 8 743
8 1 -91
1 10 -25
10
1 2 99
2 9 -63
3 4 431
4 9 -19
5 8 -693
6 8 671
8 7 -31
7 9 787
9 10 895
10
3 2 -903
5 2 -891
6 7 -655
7 1 435
1 10 -55
8 4 783
4 2 393
2 9 405
9 10 -127
10
1 10 927
4 9 407
5 8 -35
6 10 -51
8 7 13
9 7 -855
7 3 -255
3 2 551
2 10 -155
10
3 4 -931
7 2 931
2 8 735
9 1 -635
1 4 -571
4 6 35
6 8 879
8 5 -679
5 10 -539
10
3 2 -41
4 7 135
5 7 -87
8 6 491
6 9 -985
9 7 -963
7 2 653
2 1 767
1 10 509
10
1 5 735
4 9 865
8 2 271
2 7 -399
7 5 15
9 3 517
3 5 415
5 6 -367
6 10 -859
10
1 4 431
4 10 655
6 7 -3
7 2 -613
2 9 -85
8 5 435
9 5 -883
5 3 65
3 10 -803
10
1 5 133
4 5 321
5 3 -99
3 2 765
7 10 119
9 8 427
8 2 717
2 6 191
6 10 95
10
3 2 -311
2 10 543
4 5 -23
7 6 -359
6 1 -143
9 8 271
8 5 -85
5 1 447
1 10 -143
10
1 5 295
3 7 -67
4 2 -273
6 7 99
8 7 -415
7 5 -51
9 2 63
2 5 -687
5 10 -579
10
3 2 431
2 1 863
1 5 -683
5 8 -19
7 4 83
4 9 365
9 6 709
6 8 343
8 10 15
10
1 5 15
4 10 -673
5 9 535
9 2 79
2 8 135
8 6 35
6 3 -71
3 7 -3
7 10 967
10
3 1 -397
1 7 755
6 5 33
5 4 99
4 9 135
7 9 -25
8 9 425
9 2 247
2 10 -175
10
1 3 395
3 9 355
4 9 607
8 7 355
7 2 999
2 5 255
5 6 75
6 10 -717
9 10 951
10
1 4 763
2 8 -759
7 3 -903
8 3 -879
3 6 -863
6 5 703
5 4 963
4 10 -959
9 10 831
10
6 2 419
2 8 -311
7 4 -347
8 1 39
1 5 -843
5 3 375
3 9 -123
9 4 19
4 10 595
10
1 5 183
2 7 -911
6 5 75
8 7 235
9 4 479
4 7 71
7 3 661
3 5 -855
5 10 543
10
1 6 -719
3 6 -303
5 9 -775
6 4 863
7 10 -5
8 4 327
4 9 -567
9 2 95
2 10 -493
10
1 9 -503
2 7 671
5 4 -47
4 3 -75
6 7 -267
9 8 911
8 7 -239
7 3 537
3 10 759
10
1 2 735
3 4 -11
5 2 47
6 7 885
7 10 -87
9 8 -431
8 2 613
2 4 -115
4 10 99
10
2 10 -29
4 3 343
6 3 951
7 3 -399
3 5 -839
8 5 265
5 9 -39
9 1 -937
1 10 -975
10
3 5 -431
4 2 -417
2 6 -589
7 8 -225
8 9 -87
9 1 649
1 6 775
6 5 155
5 10 -93
10
4 3 35
6 9 731
7 2 -559
8 1 -893
1 2 937
2 5 -571
9 5 367
5 3 -689
3 10 83
10
1 4 19
2 5 909
4 6 -299
6 3 -967
3 9 -3
7 10 27
9 5 -87
5 8 69
8 10 -795
10
1 3 547
2 10 569
4 7 -5
9 8 -45
8 3 -609
3 6 -987
6 7 249
7 5 395
5 10 687
10
4 6 447
6 8 -527
7 1 365
8 1 549
1 10 617
9 2 -25
2 5 -7
5 3 -143
3 10 -339
10
1 8 583
3 9 -739
5 2 -555
2 8 -443
6 8 975
7 10 491
8 4 -735
9 4 611
4 10 375
10
1 6 143
4 5 -45
7 5 895
5 2 -77
2 6 655
8 6 -95
6 3 679
9 3 -301
3 10 -575
10
2 4 705
5 3 -927
6 4 -655
7 4 -415
4 3 607
8 1 -455
1 10 355
9 3 19
3 10 211
10
3 8 87
4 2 201
2 10 483
6 9 -837
8 7 25
7 1 -849
1 5 215
5 10 -171
9 10 -343
10
4 9 -93
5 2 -905
8 3 655
3 1 55
1 7 -795
7 9 55
9 2 487
2 6 659
6 10 -35
10
2 10 -535
3 1 23
1 7 17
4 7 -735
6 10 -679
7 9 -7
9 5 399
5 8 695
8 10 -647
10
1 3 583
3 2 519
4 2 279
7 5 -75
5 2 99
8 9 -171
9 2 503
2 6 631
6 10 625
10
2 5 -159
6 1 79
8 5 745
9 7 43
7 1 407
1 5 475
5 3 235
3 4 87
4 10 999
10
4 5 695
6 1 555
1 3 95
9 8 -17
8 3 11
3 7 -151
7 2 -67
2 5 -149
5 10 485
10
1 6 -419
5 7 -675
6 3 565
7 2 -615
8 4 601
4 3 755
3 2 359
2 9 -23
9 10 9
10
1 10 -725
2 6 965
5 6 813
8 3 -287
3 7 -95
7 4 539
4 6 927
9 6 67
6 10 -745
10
4 2 455
2 6 319
5 1 311
1 3 279
7 6 381
6 3 -65
3 8 -895
9 8 99
8 10 -929
10
4 2 -511
5 6 405
8 6 -541
6 7 739
7 10 75
9 2 287
2 1 481
1 3 -85
3 10 -767
10
1 3 247
4 2 601
2 8 -887
5 3 761
3 8 505
6 8 31
8 7 687
9 7 -503
7 10 -815
10
1 8 61
4 2 -95
5 6 -211
7 6 -255
6 10 -879
9 8 -305
8 2 283
2 3 -423
3 10 -55
10
1 5 -79
4 10 -527
6 2 879
2 3 771
8 3 -195
3 5 -549
5 9 815
9 7 55
7 10 15
10
1 2 -15
3 5 677
4 8 -39
5 7 -755
8 9 7
9 6 -401
6 2 -59
2 7 885
7 10 339
10
2 1 -847
3 1 503
1 9 -255
5 6 -303
7 9 -361
8 6 -455
6 4 -143
4 10 -655
9 10 -863
10
2 8 -3
3 6 -43
5 4 -677
4 8 -905
6 1 -485
1 8 -591
7 8 555
8 10 -495
9 10 -607
10
3 10 -811
4 8 407
8 6 -543
6 5 249
5 1 -47
1 2 -911
2 10 -15
9 7 25
7 10 515
10
1 4 -731
2 7 -799
3 10 -79
5 8 -709
6 10 -223
7 4 -125
8 4 261
4 9 959
9 10 355
10
1 3 -75
3 4 -975
4 5 115
5 10 543
6 2 -919
8 2 -223
2 9 99
9 7 647
7 10 -703
10
1 4 -185
5 2 -657
2 8 -173
6 3 -55
3 8 881
7 4 95
8 9 319
9 4 -143
4 10 -393
10
2 10 -11
3 7 85
4 7 -91
6 5 511
5 1 873
1 8 -567
7 8 -45
8 10 -117
9 10 -383
10
4 3 231
6 5 255
7 5 495
8 1 187
1 5 391
5 3 775
9 3 -55
3 2 807
2 10 -15
10
1 9 703
3 2 -269
5 4 -545
6 2 -251
2 9 75
7 10 -647
8 4 93
4 10 -825
9 10 79
10
3 6 -43
4 9 825
6 2 -461
7 1 265
8 1 -47
1 5 -583
5 2 667
9 2 19
2 10 -535
10
2 8 -387
3 4 -615
5 1 31
1 6 815
6 7 3
7 10 7
9 8 71
8 4 -291
4 10 -105
10
3 10 71
4 2 -85
2 10 35
5 10 423
6 7 -673
8 7 831
7 1 641
1 10 -983
9 10 -277
10
2 10 -87
3 4 -803
5 6 755
7 8 -551
8 4 995
4 6 337
6 1 -27
1 9 -815
9 10 -3
10
2 1 615
1 10 5
7 3 -77
3 6 725
6 4 695
4 9 183
9 8 15
8 5 -39
5 10 -815
10
2 3 565
3 1 15
1 10 -279
6 10 -425
8 7 -23
9 5 3
5 4 -647
4 7 851
7 10 -691
10
2 8 -35
5 1 -943
6 4 375
7 10 41
8 1 55
9 4 -995
4 1 751
1 3 997
3 10 -687
10
1 4 -731
4 7 231
5 3 903
7 2 -519
2 10 81
8 3 -23
9 6 -313
6 3 -483
3 10 -599
10
1 3 -709
4 3 -71
7 8 33
8 2 457
2 3 661
3 9 639
9 5 183
5 6 963
6 10 919
10
1 8 111
4 6 907
5 9 -743
7 2 -887
8 2 885
2 3 -667
9 3 -899
3 6 -695
6 10 655
10
5 3 -375
3 6 -763
7 2 -59
2 1 241
1 4 -535
4 8 431
8 6 703
6 9 -19
9 10 -11
10
1 8 997
3 2 -839
2 4 -815
4 6 935
9 8 95
8 5 -75
5 7 -247
7 6 75
6 10 -199
10
1 6 -695
5 6 -887
9 4 -1
4 2 -27
2 6 -25
6 7 105
7 3 447
3 8 55
8 10 655
10
2 1 -51
3 7 -91
4 9 291
7 1 -57
1 6 -129
6 10 -503
8 9 -723
9 5 731
5 10 -59
10
6 5 -5
9 2 99
2 8 63
8 4 -295
4 3 -75
3 1 43
1 5 -75
5 7 271
7 10 -55
10
1 8 135
4 10 765
5 2 -813
2 6 -55
7 9 -959
9 6 371
6 8 75
8 3 -825
3 10 159
10
3 10 -703
4 8 -103
5 6 15
6 7 -375
8 7 -821
7 1 -55
9 2 -535
2 1 311
1 10 -455
10
3 4 -83
5 7 -935
6 4 -115
4 1 959
1 10 35
8 7 335
9 7 703
7 2 -79
2 10 -833
10
1 3 31
4 3 -775
6 5 -183
5 9 149
7 9 -495
8 2 -655
2 3 231
3 9 701
9 10 -823
10
3 1 -643
6 1 99
8 1 923
1 2 -975
2 7 -59
7 5 -831
9 4 495
4 5 -225
5 10 -139
10
3 2 -767
2 1 -599
1 9 29
4 10 255
7 6 513
6 8 791
9 5 -759
5 8 -655
8 10 23
10
3 7 77
6 7 -765
7 8 567
8 4 999
4 5 711
5 10 35
9 2 -615
2 1 -675
1 10 -55
10
7 1 251
8 2 -655
2 4 703
4 3 -509
3 6 415
6 5 55
5 1 783
9 1 917
1 10 11
10
2 9 625
4 7 -27
5 10 529
6 10 61
7 1 -87
1 9 503
8 3 315
3 10 327
9 10 -53
10
3 1 17
1 2 -199
4 2 95
2 6 275
5 8 -75
6 10 -275
7 8 807
8 10 -451
9 10 789
10
2 7 695
3 5 525
4 5 -55
5 6 -379
7 1 -455
1 9 607
8 10 175
9 6 551
6 10 513
10
1 2 -767
6 2 -5
2 4 51
9 5 935
5 7 799
7 3 639
3 4 91
4 8 -903
8 10 -875
10
2 4 -925
3 7 -911
6 1 -187
7 4 -281
8 5 27
9 5 -11
5 1 -39
1 4 383
4 10 375
10
5 10 -155
6 9 63
7 3 -455
3 2 575
2 1 247
8 4 151
4 10 -223
9 1 -141
1 10 347
10
4 8 -607
7 5 -45
5 6 83
6 2 357
2 9 -139
8 1 63
1 10 915
9 3 -507
3 10 551
10
4 5 -25
6 3 -135
3 1 -317
8 7 -835
7 1 343
9 5 55
5 2 765
2 1 807
1 10 511
10
1 7 -133
2 5 -7
4 7 -155
6 3 -497
3 5 -231
5 8 379
7 8 -215
9 8 447
8 10 -19
10
1 6 -725
2 8 -219
3 7 115
6 9 375
9 7 985
7 4 55
4 8 195
8 5 -27
5 10 965
10
3 1 -71
5 7 563
6 4 -795
7 10 -583
9 1 379
1 8 119
8 2 759
2 4 -887
4 10 -83
10
3 2 77
2 7 621
4 7 -463
5 1 831
1 9 401
7 6 25
8 10 19
9 6 95
6 10 759
10
1 5 -215
4 2 -623
2 8 -113
6 3 567
7 3 71
3 10 299
8 5 143
9 5 -635
5 10 -495
10
1 5 -97
4 7 -39
6 5 -255
5 3 63
3 8 799
7 2 -383
8 10 -59
9 2 -83
2 10 149
10
2 1 -961
4 3 -75
3 5 -79
5 1 -89
1 9 -1
7 9 -47
9 6 -59
6 8 -657
8 10 -317
10
3 5 47
4 1 -59
5 9 365
8 6 855
6 9 -19
9 2 -55
2 1 815
1 7 3
7 10 -781
10
2 10 -5
6 4 369
4 5 55
8 5 9
5 1 -427
1 3 -487
9 3 55
3 7 -995
7 10 327
10
2 1 -207
1 7 -885
4 3 647
9 8 97
8 7 103
7 6 -187
6 3 955
3 5 -55
5 10 919
10
5 3 -755
6 10 -39
7 2 559
8 3 -31
3 1 -899
9 2 -563
2 4 -655
4 1 -55
1 10 15
10
2 7 -39
3 8 511
4 1 927
1 9 865
5 7 -495
6 9 741
8 10 -415
9 7 159
7 10 855
10
2 1 65
3 8 695
4 1 31
1 10 991
5 7 -65
8 6 87
9 6 319
6 7 -191
7 10 -753
10
7 5 833
5 9 255
8 1 -347
1 4 -35
9 6 875
6 2 95
2 3 -47
3 4 -815
4 10 -611
10
1 10 367
2 5 -855
3 4 -15
4 7 -255
5 9 -41
6 9 927
9 7 -775
7 8 -59
8 10 -495
10
1 9 819
3 8 -815
5 7 -21
6 4 805
4 2 -279
8 10 931
9 7 671
7 2 33
2 10 5
10
3 4 -405
6 1 633
7 8 515
8 1 -983
1 9 845
9 4 -91
4 5 -165
5 2 -443
2 10 -99
10
2 4 -185
3 5 31
7 5 155
5 6 -203
6 4 163
8 1 -647
9 1 495
1 4 -39
4 10 5
10
3 8 -279
7 4 175
4 1 -879
1 9 -99
9 8 -395
8 6 655
6 5 273
5 2 43
2 10 43
10
2 4 -927
5 4 -743
4 6 955
7 9 359
8 6 955
6 3 -705
9 3 -515
3 1 -703
1 10 -143
10
1 10 35
4 7 -91
6 3 -927
7 3 145
3 2 -407
2 5 -595
8 9 119
9 5 -423
5 10 351
10
4 1 -775
5 7 -975
7 3 795
8 1 905
1 6 -19
6 3 999
3 10 -345
9 2 -749
2 10 -633
10
3 10 1
4 10 615
5 1 705
6 1 695
8 7 -377
9 1 -43
1 7 -63
7 2 427
2 10 -319
10
4 1 855
1 10 -65
5 3 691
7 3 -901
3 2 625
2 6 -3
6 8 559
8 10 -999
9 10 -825
10
1 6 -327
2 5 -959
3 5 479
4 5 127
5 10 275
7 6 -79
8 6 421
6 9 -23
9 10 935
10
1 2 383
2 10 -15
3 10 179
7 6 199
9 8 -3
8 5 -643
5 6 -309
6 4 71
4 10 895
10
2 7 -197
4 3 415
3 7 -615
5 9 -95
7 1 -887
1 6 95
6 10 55
8 9 -625
9 10 595
10
4 1 369
1 9 15
5 8 275
8 3 75
3 7 85
7 9 -185
9 6 255
6 2 907
2 10 645
10
1 5 863
6 7 -601
7 10 -413
8 5 -73
5 2 -75
2 4 1
4 3 -955
9 3 -471
3 10 87
10
1 3 175
2 4 -847
6 5 343
5 4 455
4 3 -275
7 3 -903
3 9 587
9 8 889
8 10 179
10
1 6 173
3 2 -495
2 8 765
4 5 -631
7 5 257
8 6 -3
6 9 567
9 5 927
5 10 171
10
2 6 481
3 8 695
6 1 -915
1 8 -757
8 5 -727
5 7 655
7 10 75
9 4 -981
4 10 -903
10
1 4 -555
2 10 3
4 3 47
3 6 -839
6 9 855
7 9 -55
8 5 -167
5 10 -365
9 10 63
10
3 8 367
4 5 -365
5 2 -193
2 8 -75
7 8 -551
9 8 15
8 6 871
6 1 -121
1 10 555
10
2 8 -935
5 6 183
6 10 697
7 4 15
4 10 373
8 3 -59
3 1 -191
1 10 775
9 10 -951
10
5 4 29
4 1 793
1 3 -45
6 10 705
7 2 -59
9 3 -317
3 8 61
8 2 -11
2 10 43
10
2 6 607
6 5 807
5 3 -99
8 3 -495
3 7 641
9 4 -91
4 1 -43
1 7 -181
7 10 583
10
1 8 -695
2 7 555
3 9 27
5 9 195
7 4 821
4 6 257
6 8 599
8 9 -439
9 10 975
10
5 2 779
2 6 905
6 3 815
9 7 -15
7 3 -287
3 4 49
4 1 707
1 8 241
8 10 -323
10
3 4 415
5 6 761
8 1 -703
9 1 -445
1 2 -593
2 6 -289
6 7 -559
7 4 -15
4 10 335
10
5 3 95
8 2 855
2 7 79
9 6 -27
6 4 847
4 3 835
3 1 -375
1 7 -365
7 10 -633
10
1 6 -117
3 7 -97
7 2 893
2 5 47
5 4 35
8 4 947
4 6 577
6 10 43
9 10 455
10
1 6 543
2 8 -619
3 6 387
5 9 -551
8 7 411
7 9 455
9 6 519
6 4 9
4 10 -835
10
1 10 691
2 7 -955
3 10 519
4 7 143
5 8 -475
7 10 -95
8 6 -29
9 6 55
6 10 433
10
6 1 643
8 10 379
9 4 69
4 7 459
7 1 -385
1 5 -83
5 2 231
2 3 -955
3 10 -511
10
1 4 735
2 7 -713
6 4 -83
7 5 739
5 9 -773
8 3 631
3 9 -919
9 4 43
4 10 215
10
2 5 3
3 7 475
5 6 537
6 4 -3
4 9 -35
8 1 -95
9 1 5
1 7 -351
7 10 -935
10
2 9 135
4 5 -531
5 1 49
6 10 103
7 1 711
1 10 -683
8 3 27
9 3 -81
3 10 703
10
1 8 959
2 9 681
6 4 105
7 10 119
9 8 -423
8 5 211
5 3 667
3 4 831
4 10 243
10
1 9 533
2 10 139
3 6 83
5 4 839
4 8 65
6 10 -831
9 8 -527
8 7 -27
7 10 99
10
4 2 -35
2 5 -67
7 6 59
8 1 -65
1 5 247
5 6 317
6 10 91
9 3 -83
3 10 -83
10
2 3 129
5 6 -845
7 6 213
6 1 307
1 8 -159
9 3 -85
3 4 425
4 8 55
8 10 -9
10
3 1 -727
1 6 757
4 8 943
5 9 -15
6 2 -183
8 2 501
2 7 787
7 9 425
9 10 95
10
3 1 451
1 10 -617
6 2 41
7 4 -43
4 9 -93
8 9 855
9 2 -65
2 5 91
5 10 537
10
2 10 -65
3 5 455
4 6 -841
7 1 215
1 8 655
9 8 -785
8 5 591
5 6 75
6 10 51
10
2 7 955
3 5 -651
7 5 95
5 1 849
1 8 99
8 9 -67
9 4 -997
4 6 745
6 10 605
10
3 6 245
6 4 -397
7 4 955
4 5 -85
5 9 95
8 1 -95
1 10 -21
9 2 -63
2 10 -459
10
3 8 -15
4 6 391
5 1 749
1 6 -319
7 10 -607
8 6 15
6 9 -25
9 2 109
2 10 -467
10
1 4 -15
2 7 -411
5 4 -235
4 6 31
6 3 93
3 10 -95
8 7 381
9 7 31
7 10 -861
10
1 9 -83
2 10 965
4 3 -35
3 8 53
5 10 -17
7 10 241
8 10 -75
9 6 -945
6 10 -553
10
1 8 -411
2 7 51
4 3 -855
3 5 115
6 5 -987
7 8 495
8 9 -441
9 5 -837
5 10 255
10
1 5 -65
2 3 -111
4 10 -77
5 3 793
7 6 -331
6 3 991
9 8 -343
8 3 -979
3 10 -3
10
2 10 -363
6 3 767
3 4 941
4 8 535
7 1 -55
1 5 311
5 10 161
8 10 959
9 10 55
10
2 8 215
4 8 947
6 3 247
7 5 -55
8 3 279
3 1 -607
9 5 -551
5 1 -967
1 10 -493
10
1 9 951
2 7 263
4 3 79
3 7 663
5 10 417
8 6 -179
6 7 -825
9 7 -215
7 10 807
10
2 5 67
4 1 -215
5 8 -151
7 6 -395
9 6 -79
6 8 639
8 1 279
1 3 83
3 10 591
10
1 6 815
3 10 -511
4 2 -27
2 6 -869
5 6 35
8 7 37
7 6 355
6 10 639
9 10 59
10
4 2 -823
5 10 -897
6 8 477
7 1 -323
1 3 -255
8 3 447
3 2 -247
2 10 31
9 10 -527
10
1 9 -65
3 5 -75
4 6 331
5 7 -87
7 10 63
9 8 -695
8 6 -175
6 2 441
2 10 -59
10
2 3 771
3 7 19
8 1 -847
1 4 -233
4 6 863
6 7 -935
7 5 887
5 9 71
9 10 -455
10
4 10 63
6 1 55
7 3 -855
3 1 447
1 2 -83
2 8 -105
8 5 971
5 10 -95
9 10 -25
10
2 1 375
4 10 233
6 5 319
5 10 -263
7 3 863
3 9 815
8 1 -351
1 10 147
9 10 -911
10
6 1 85
1 3 -691
7 2 -23
2 3 55
3 5 -715
5 9 -999
8 10 -21
9 4 -95
4 10 953
10
4 3 -99
3 1 -883
7 2 935
2 5 -23
8 5 31
5 6 -399
6 1 35
1 9 -15
9 10 963
10
2 9 -51
4 3 9
5 1 775
1 8 587
7 3 9
8 3 -883
3 6 -847
6 9 -549
9 10 135
10
2 7 -131
3 6 -647
4 1 75
1 9 919
6 8 155
8 5 -65
5 10 -969
9 7 -439
7 10 -835
10
4 1 583
6 3 199
8 5 97
5 1 175
1 3 -69
3 7 345
7 10 -265
9 2 -515
2 10 -15
10
2 1 -791
7 5 -295
5 6 637
9 8 831
8 6 -829
6 3 25
3 1 -575
1 4 -981
4 10 -583
10
2 4 -743
4 7 -247
5 6 -1
6 3 -391
8 3 -701
3 1 127
1 7 -247
7 9 945
9 10 -975
10
2 7 -515
3 6 -93
4 5 -75
5 8 293
7 6 923
6 9 -423
8 1 223
1 10 -455
9 10 -51
10
1 10 455
3 7 -337
6 2 -833
7 5 -59
5 2 -5
8 2 365
2 10 -203
9 4 407
4 10 963
10
1 9 -943
2 5 39
6 5 91
9 8 799
8 4 -25
4 7 399
7 5 519
5 3 77
3 10 -655
10
3 1 425
4 2 -615
5 6 -529
7 10 -15
9 2 545
2 6 -11
6 1 355
1 8 47
8 10 -111
10
4 10 155
6 2 -355
2 7 -735
8 1 -919
1 3 465
3 5 -399
5 7 83
7 9 -775
9 10 663
10
2 10 55
3 1 -275
5 10 -459
6 1 -99
1 7 -471
8 7 907
7 9 979
9 4 -671
4 10 331
10
6 7 -271
7 1 613
1 5 -815
8 5 -3
5 4 -855
9 4 -571
4 2 -41
2 3 -831
3 10 41
10
2 1 167
1 3 399
3 6 -355
5 4 399
6 4 567
4 7 -813
9 7 105
7 8 535
8 10 989
10
3 10 -911
5 7 -525
6 2 -55
2 10 879
8 4 619
4 9 323
9 1 495
1 7 315
7 10 -935
10
1 8 -59
2 10 543
3 4 -787
5 8 595
6 9 -509
8 4 -167
4 9 75
9 7 455
7 10 -935
10
1 9 -55
2 3 69
3 4 647
4 5 311
6 5 -439
5 7 -83
8 9 215
9 7 55
7 10 -927
10
3 10 -117
4 7 721
5 8 479
7 2 -55
2 6 563
6 1 -15
8 1 -937
9 1 871
1 10 -423
10
2 10 -59
5 6 467
6 9 3
8 4 479
4 1 575
1 3 815
9 7 -391
7 3 -543
3 10 -219
10
1 7 795
4 3 -655
3 2 -899
5 6 3
6 9 37
7 2 -35
2 9 965
8 9 699
9 10 -595
10
1 6 -151
3 7 791
5 2 -709
8 9 -131
9 4 855
4 2 73
2 6 891
6 7 515
7 10 695
10
3 9 495
4 6 -615
5 6 131
6 2 875
7 1 23
8 1 -327
1 2 519
9 2 755
2 10 991
10
1 8 -373
3 2 -351
4 9 -85
5 8 27
6 8 935
8 7 643
7 9 287
9 2 -393
2 10 -135
10
3 1 -203
1 2 -305
2 6 911
4 8 3
5 10 159
6 9 279
7 10 851
8 9 -3
9 10 -7
10
1 10 -95
5 7 247
6 8 39
7 3 999
8 10 75
9 4 -107
4 3 3
3 2 -75
2 10 -3
10
2 8 -327
4 8 -55
6 1 59
1 8 99
7 3 -765
3 5 495
5 9 717
8 9 -25
9 10 -355
10
1 7 -671
5 8 449
7 6 -85
6 8 619
8 3 955
3 4 819
4 2 739
9 2 -513
2 10 677
10
4 2 65
5 2 255
2 7 -5
8 3 85
9 1 595
1 6 5
6 3 -103
3 7 575
7 10 69
10
2 8 -63
5 8 -23
7 3 635
3 6 -371
6 1 515
1 9 15
9 8 -85
8 4 155
4 10 -441
10
1 9 -259
2 7 -975
3 10 -43
4 5 3
5 9 567
6 9 615
8 7 -575
7 10 -639
9 10 -247
10
3 6 905
4 1 595
1 7 -39
6 2 -25
8 2 789
2 5 975
5 7 -649
7 9 -799
9 10 615
10
2 9 -67
3 10 3
4 1 11
5 1 -115
1 10 -147
7 10 -195
8 9 -327
9 6 39
6 10 83
10
3 1 55
1 4 15
7 8 251
8 2 75
2 5 -361
5 6 -615
6 10 -837
9 4 75
4 10 755
10
1 4 -5
2 3 -39
3 6 -83
4 7 -47
6 8 31
8 10 615
9 7 -447
7 5 -35
5 10 807
10
1 9 675
3 8 303
4 7 791
6 2 327
2 5 87
7 10 -673
8 5 -375
5 10 -3
9 10 -535
10
6 7 455
8 7 95
7 4 -655
4 5 247
9 5 119
5 2 31
2 1 -209
1 3 463
3 10 -231
10
2 9 -319
6 3 -895
3 10 -841
7 8 223
8 1 -967
9 4 57
4 5 -705
5 1 -903
1 10 -923
10
3 5 711
6 1 -99
7 5 -855
5 4 21
4 2 33
9 8 127
8 1 -183
1 2 823
2 10 197
10
4 1 -11
5 3 -639
3 8 -591
6 1 95
9 2 -591
2 7 759
7 8 971
8 1 -67
1 10 -309
10
1 6 23
6 5 -247
5 2 517
8 10 63
9 2 63
2 7 -63
7 3 -357
3 4 105
4 10 -235
10
3 5 -119
4 10 851
5 9 71
6 7 75
8 1 -289
1 7 -703
7 10 855
9 2 643
2 10 479
10
1 8 -807
6 2 15
2 10 229
7 5 -273
5 3 -807
3 4 63
8 9 -63
9 4 175
4 10 529
10
2 4 499
3 1 165
1 5 927
8 4 -855
9 6 27
6 5 71
5 4 -727
4 7 -371
7 10 -847
10
1 2 -497
4 6 383
6 3 -799
7 2 549
2 8 727
8 3 -407
9 3 -399
3 5 -399
5 10 325
10
1 8 849
5 4 763
4 10 -151
6 9 -159
9 8 879
8 3 373
3 2 19
2 7 45
7 10 -343
10
1 5 -59
2 9 391
3 9 559
4 6 -207
7 8 455
8 6 67
6 5 -241
9 5 141
5 10 975
10
4 5 -283
5 2 355
2 1 -551
6 3 -815
7 1 -99
1 10 563
9 8 43
8 3 939
3 10 -87
10
4 1 -541
1 6 33
5 6 805
6 8 -431
7 3 -761
8 3 -7
3 2 855
2 10 375
9 10 895
10
1 10 615
3 7 685
4 2 15
5 8 -705
6 9 671
7 10 439
8 2 -631
2 9 75
9 10 -505
10
3 6 -79
6 5 -625
5 2 349
7 9 -103
8 4 -539
4 2 -161
9 1 -55
1 2 -507
2 10 695
10
4 9 -739
6 8 -863
8 5 967
5 3 887
3 1 -519
1 7 673
7 2 -887
2 9 71
9 10 -261
10
1 10 -637
3 2 -415
2 4 227
4 5 93
5 7 63
8 9 -131
9 6 -707
6 7 87
7 10 -271
10
1 2 -951
4 2 495
5 6 55
7 6 619
6 8 -113
8 2 911
2 9 -645
9 3 359
3 10 815
10
2 8 -55
4 10 -991
6 1 -771
1 5 575
8 7 -839
9 7 47
7 3 -343
3 5 -465
5 10 69
10
1 3 -757
4 2 27
5 9 -615
6 10 -625
7 3 -25
8 3 5
3 10 -355
9 2 -225
2 10 911
10
1 3 943
4 10 447
5 8 879
6 3 -465
3 8 -55
7 9 5
8 2 23
2 9 613
9 10 -235
10
4 6 -355
5 3 491
3 7 667
8 7 95
7 2 -719
2 1 -193
1 6 -805
9 6 -105
6 10 75
10
3 1 69
5 9 -991
7 4 15
4 2 479
8 1 -981
1 2 -299
2 10 -51
9 6 315
6 10 895
10
1 10 -487
8 2 597
9 5 39
5 2 -335
2 6 -983
6 3 35
3 4 -97
4 7 -517
7 10 -675
10
3 8 -35
4 2 199
5 9 871
6 10 -547
7 10 407
8 9 879
9 2 -99
2 1 71
1 10 -431
10
2 4 -875
3 1 855
1 6 477
4 10 -863
5 10 383
6 8 735
7 9 695
8 9 -795
9 10 987
10
1 5 963
2 7 831
3 8 879
7 6 111
6 5 63
5 4 291
4 8 71
8 10 -501
9 10 807
10
1 6 41
4 2 793
6 10 -941
9 3 191
3 5 -787
5 2 15
2 8 587
8 7 -3
7 10 -735
10
1 10 -463
3 8 879
4 6 -755
5 8 -179
6 9 -567
7 2 415
2 10 415
9 8 -793
8 10 -863
10
3 4 -525
7 1 83
8 6 -83
9 4 699
4 2 639
2 6 811
6 1 -435
1 5 735
5 10 -807
10
3 5 415
6 4 -951
4 1 -45
1 7 69
7 5 515
9 5 -821
5 2 -495
2 8 665
8 10 -815
10
3 1 123
6 5 905
5 9 -23
8 4 855
4 7 -95
7 1 -79
9 1 955
1 2 -35
2 10 -63
10
2 1 183
1 10 -867
3 5 351
8 4 -631
4 6 959
9 5 -59
5 6 155
6 7 -783
7 10 -703
10
1 10 -615
3 4 -375
7 10 -703
8 6 815
6 4 -35
4 5 -535
5 9 -695
9 2 447
2 10 951
10
4 3 703
3 5 747
5 9 -561
6 9 -439
7 2 -227
2 1 149
1 10 771
9 8 -743
8 10 47
10
1 2 75
4 2 227
2 10 655
8 6 137
9 7 705
7 5 509
5 3 209
3 6 99
6 10 -575
10
2 5 -15
4 3 457
3 1 857
5 1 959
1 10 -183
8 7 -723
9 7 723
7 6 487
6 10 791
10
2 10 -175
6 4 15
7 8 -75
8 1 -621
9 1 71
1 4 51
4 5 -183
5 3 17
3 10 175
10
2 1 -279
1 8 -255
3 4 337
4 7 -23
5 9 59
9 6 43
6 7 -171
7 8 -955
8 10 7
10
2 10 -27
3 1 13
1 7 715
7 4 317
4 6 783
6 10 719
9 5 -791
5 8 789
8 10 801
10
2 7 439
6 3 -307
3 7 987
8 10 107
9 5 815
5 1 37
1 7 747
7 4 -231
4 10 471
10
1 6 407
2 7 -549
3 10 -523
5 4 305
6 4 15
7 8 495
8 4 753
9 4 799
4 10 -225
10
2 1 945
1 4 407
4 6 971
5 9 759
6 9 865
8 10 119
9 7 -47
7 3 -633
3 10 -7
10
4 3 39
3 9 975
5 2 -687
6 7 -91
7 2 -355
8 2 591
2 1 95
1 10 -711
9 10 879
10
3 1 -31
1 10 95
4 8 -515
5 7 -61
7 2 -75
2 9 -7
8 6 471
6 10 47
9 10 -205
10
1 2 305
7 3 15
8 3 75
3 2 511
2 4 -855
9 4 -63
4 6 -969
6 5 407
5 10 61
10
3 4 -83
5 1 227
1 4 375
4 9 581
6 2 -657
2 10 411
7 10 75
8 10 -995
9 10 -39
10
1 10 -75
6 7 -855
7 2 -19
2 10 655
8 5 743
5 3 -555
3 4 -39
9 4 -23
4 10 991
10
3 7 759
4 6 -775
5 8 -495
7 2 215
2 6 831
6 1 399
1 8 75
9 8 -381
8 10 -479
10
2 10 -575
3 4 559
5 9 291
7 4 -859
4 6 -855
6 1 535
1 9 -973
9 8 531
8 10 -607
10
5 1 287
1 2 -751
7 3 83
3 2 55
2 4 15
4 6 -519
6 10 835
8 9 663
9 10 291
10
3 8 87
7 6 633
6 4 335
8 5 -167
9 1 -71
1 4 -23
4 2 879
2 5 -403
5 10 -45
10
5 7 351
8 2 345
2 4 619
9 3 -87
3 6 407
6 4 -893
4 1 635
1 7 455
7 10 -743
10
2 3 23
5 9 -531
6 1 -787
8 7 -119
7 3 -527
3 1 925
9 4 -291
4 1 491
1 10 -63
10
2 4 3
5 4 -671
4 8 -95
6 10 -855
7 1 29
8 1 719
1 3 -775
9 3 635
3 10 319
10
3 2 -847
5 9 935
6 4 565
8 2 255
2 4 -7
4 1 215
1 7 655
7 10 11
9 10 855
10
1 4 7
3 4 -705
7 2 455
2 9 615
8 4 55
4 6 103
6 5 535
5 10 -799
9 10 71
10
2 5 -63
3 4 975
6 1 419
1 8 499
7 9 231
8 4 -99
4 10 -679
9 5 219
5 10 -11
10
1 2 -207
2 7 771
6 8 9
7 10 95
9 8 -679
8 5 31
5 4 -135
4 3 -269
3 10 539
10
2 3 677
5 3 -925
6 4 895
8 4 -563
4 1 -683
9 7 811
7 1 699
1 3 535
3 10 579
10
1 7 47
3 2 431
2 6 -775
6 7 -215
7 5 -745
8 5 107
9 4 -39
4 5 -455
5 10 -659
10
1 6 871
4 8 63
5 7 243
6 8 399
8 7 -773
7 10 -15
9 2 -571
2 3 89
3 10 -319
10
1 10 -55
3 10 -455
4 6 -273
7 10 -779
8 2 267
9 6 -339
6 5 -927
5 2 -295
2 10 93
10
1 9 615
3 9 -719
4 2 -517
5 2 -949
7 6 -791
8 9 -607
9 6 355
6 2 847
2 10 -39
10
3 1 5
1 2 117
6 4 -67
4 7 309
7 2 355
2 9 947
9 5 781
5 8 -657
8 10 335
10
2 1 -345
5 4 267
4 9 -615
7 3 947
9 1 59
1 6 -97
6 8 -405
8 3 -87
3 10 455
10
5 1 -15
1 7 -407
7 2 -563
2 3 -7
8 3 -77
3 10 -925
9 4 31
4 6 -355
6 10 59
10
1 9 137
5 7 -87
7 10 777
9 4 711
4 2 75
2 6 -631
6 3 457
3 8 -465
8 10 629
10
1 3 -75
6 5 975
7 5 -605
8 2 -249
2 5 -823
9 5 983
5 3 783
3 4 -615
4 10 -999
10
2 9 -371
4 3 335
3 7 647
6 10 131
7 9 -691
8 9 -239
9 1 815
1 5 205
5 10 -193
10
1 7 -27
2 5 19
4 3 -69
5 7 -615
6 10 67
8 9 77
9 7 -971
7 3 653
3 10 -891
10
4 1 -53
1 2 319
7 6 -609
8 5 419
5 2 -199
9 3 -87
3 2 495
2 6 173
6 10 -193
10
1 10 -385
8 6 309
6 3 655
3 2 965
2 4 3
4 10 33
9 7 255
7 5 55
5 10 -35
10
3 9 -57
4 6 -175
5 8 911
6 1 -953
7 1 115
8 9 383
9 1 -579
1 2 95
2 10 33
10
4 3 13
3 2 -5
6 10 -33
7 5 85
8 2 77
2 10 -379
9 1 935
1 5 363
5 10 -511
10
3 2 91
2 9 -45
4 1 219
6 5 -61
7 5 695
5 10 87
9 8 -409
8 1 -799
1 10 75
10
2 5 199
5 8 19
6 4 -69
7 9 -659
8 1 55
1 3 -707
3 4 5
4 10 157
9 10 43
10
3 7 7
4 1 -787
1 9 -73
6 10 603
8 9 -27
9 5 -13
5 2 -271
2 7 -63
7 10 315
10
1 3 725
2 5 965
3 7 51
5 7 67
7 6 445
6 4 439
9 4 315
4 8 -675
8 10 -583
10
2 5 579
4 7 -881
6 1 -679
9 3 239
3 7 155
7 1 -223
1 8 -505
8 5 -575
5 10 -855
10
2 5 -67
5 10 503
6 3 17
7 4 -639
8 3 711
9 1 527
1 3 -121
3 4 737
4 10 143
10
5 2 -181
6 9 231
7 2 839
8 2 -165
2 4 89
4 3 843
3 1 -511
1 9 -75
9 10 -231
10
1 5 975
4 10 -7
8 3 -811
3 5 -655
5 7 535
7 6 711
9 2 -751
2 6 -679
6 10 -99
10
4 3 -235
3 2 375
5 2 15
6 7 -647
8 9 -81
9 1 19
1 2 39
2 7 -967
7 10 -255
10
2 3 -663
5 10 479
6 10 813
8 3 85
3 10 55
9 4 -687
4 1 91
1 7 639
7 10 413
10
6 5 31
5 2 985
2 1 83
1 4 -975
4 9 741
7 3 297
3 8 35
9 8 -649
8 10 -465
10
2 9 391
4 8 -383
5 8 -639
6 3 79
3 8 89
7 1 -415
8 1 -439
9 1 -151
1 10 567
10
4 6 7
5 2 699
6 9 -995
8 3 -913
3 7 515
7 10 -27
9 2 -791
2 1 805
1 10 95
10
1 4 435
2 3 -95
4 10 397
6 5 -35
5 3 55
3 10 -55
7 8 -47
9 8 -231
8 10 -347
10
1 3 -89
2 7 -651
6 5 -49
9 5 -187
5 8 -47
8 3 -769
3 7 39
7 4 935
4 10 -927
10
5 3 199
3 2 -575
2 1 -81
1 7 -875
6 10 175
7 9 -103
8 4 211
4 9 -53
9 10 -857
10
2 10 -507
3 9 195
5 4 1
4 9 -671
6 8 -383
8 1 595
9 7 -895
7 1 7
1 10 879
10
4 8 -83
5 1 753
1 6 47
6 2 51
7 10 -301
9 8 -91
8 3 -119
3 2 543
2 10 -599
10
2 6 -31
3 1 935
5 4 271
6 4 -355
4 9 -683
7 10 -135
9 1 -375
1 8 -163
8 10 415
10
5 2 -69
2 3 -271
6 3 -55
7 10 21
8 4 675
4 1 -603
1 9 -55
9 3 49
3 10 265
10
2 3 447
3 9 -597
4 6 65
6 8 985
7 9 -125
8 10 843
9 1 -135
1 5 -227
5 10 -795
10
5 3 -49
3 2 441
2 4 -191
4 10 -471
7 1 707
1 10 515
8 6 47
6 10 387
9 10 -79
10
1 6 -335
4 2 -755
6 9 -367
7 10 55
8 2 -771
2 10 787
9 5 -121
5 3 35
3 10 151
10
2 1 -247
4 5 -375
6 8 -659
8 3 -479
9 7 -583
7 5 -751
5 1 107
1 3 943
3 10 -351
10
2 6 -875
5 3 425
3 9 -39
7 1 -447
1 4 649
4 10 -7
8 6 819
6 9 949
9 10 453
10
3 10 -15
5 1 59
9 7 875
7 8 671
8 6 87
6 4 -29
4 1 -23
1 2 -55
2 10 415
10
1 4 29
3 6 -735
4 9 -811
5 8 -245
6 8 99
8 10 -577
9 7 895
7 2 -955
2 10 807
10
5 1 515
1 4 235
7 4 167
4 9 11
9 8 -447
8 3 847
3 2 -295
2 6 -27
6 10 -885
10
1 6 -145
5 2 559
2 9 441
6 9 849
7 9 -693
8 4 319
4 3 855
3 9 -321
9 10 805
10
1 3 -879
4 3 -823
6 3 583
3 5 823
7 8 -295
9 8 -195
8 2 -435
2 5 355
5 10 451
10
6 10 71
8 1 921
1 5 49
5 4 -51
4 2 341
2 9 275
9 3 843
3 7 -35
7 10 239
10
4 9 -929
5 2 83
2 1 359
7 1 -395
1 6 575
6 3 -355
3 9 -523
8 10 -935
9 10 339
10
1 2 375
4 5 203
5 9 891
7 9 287
9 2 -535
2 8 803
8 6 75
6 3 895
3 10 799
10
1 2 -201
6 10 579
8 5 343
5 7 95
7 2 -295
2 4 255
4 3 445
3 9 -735
9 10 -395
10
5 2 -205
6 1 -255
1 3 575
3 10 15
8 4 -83
4 2 215
9 7 -1
7 2 -335
2 10 -577
10
2 1 -51
3 9 -233
4 8 955
5 1 -743
6 7 -645
8 9 863
9 1 59
1 7 851
7 10 67
10
2 3 -59
7 3 23
8 3 -427
3 1 91
1 6 -43
9 4 -35
4 6 295
6 5 -535
5 10 63
10
1 7 -31
3 8 -71
5 8 -505
7 9 -741
9 6 15
6 4 305
4 8 871
8 2 695
2 10 -99
10
2 3 849
5 3 -421
6 1 -785
1 3 713
8 4 911
4 10 235
9 7 15
7 3 137
3 10 55
10
1 10 75
2 4 671
5 4 -967
6 9 705
7 10 -319
9 8 659
8 3 515
3 4 13
4 10 -915
10
5 10 511
6 2 85
2 4 -611
4 10 -875
7 3 695
8 1 -87
1 9 783
9 3 431
3 10 17
10
2 8 -35
3 5 805
4 6 71
7 8 -759
8 5 955
9 1 -155
1 6 35
6 5 191
5 10 339
10
5 3 -463
3 6 -145
8 2 -345
2 7 295
9 4 -99
4 6 455
6 7 -75
7 1 -775
1 10 -621
10
2 8 815
4 3 -263
3 5 887
6 8 -713
7 9 155
8 5 -911
5 1 -5
1 9 -479
9 10 -23
10
2 7 903
3 7 -711
4 10 -757
5 1 -5
6 1 81
1 7 -667
7 10 -393
9 8 341
8 10 -3
10
1 7 71
3 6 -349
5 4 815
4 8 555
7 2 -323
2 6 335
9 8 -615
8 6 -695
6 10 667
10
2 7 -9
3 10 -65
5 4 -865
8 7 -527
7 1 -55
9 1 931
1 6 71
6 4 33
4 10 35
10
2 3 95
4 7 -863
5 7 611
6 3 -535
3 10 -797
8 1 191
1 7 831
9 7 -139
7 10 -915
10
2 9 135
7 3 -351
3 5 67
5 6 -631
8 1 81
1 9 983
9 6 -75
6 4 -35
4 10 -95
10
2 1 -355
3 5 467
4 10 -595
6 1 707
1 10 15
8 7 -871
7 10 -807
9 5 55
5 10 -429
10
2 1 91
1 5 327
5 9 25
7 3 75
3 6 607
8 6 -39
6 10 35
9 4 -3
4 10 55
10
3 10 -75
7 9 -167
8 4 437
4 6 -505
9 1 -495
1 5 111
5 2 -45
2 6 -75
6 10 419
10
1 6 225
3 10 855
4 8 27
5 6 371
7 8 -679
9 2 -155
2 8 95
8 6 -135
6 10 151
10
1 7 -235
2 5 -45
3 7 -485
6 5 -825
5 8 713
7 9 327
8 4 -567
9 4 943
4 10 -15
10
1 6 -47
2 3 127
6 7 903
7 8 -587
8 5 -651
5 4 -355
4 9 -95
9 3 719
3 10 -767
10
1 8 255
2 7 -855
3 5 39
6 5 995
5 7 -17
7 4 -241
4 10 -695
8 10 519
9 10 39
10
1 2 851
2 6 385
4 3 883
5 8 -987
7 3 -867
3 6 -435
6 8 -303
8 9 17
9 10 -775
10
1 10 919
2 5 -171
3 10 -905
4 6 -75
6 8 -967
7 5 25
9 5 439
5 8 -411
8 10 -479
10
1 9 93
3 7 111
4 5 23
6 7 223
7 2 -591
2 5 -855
8 5 -605
5 10 -339
9 10 -115
10
3 9 -89
6 5 325
7 10 -755
8 5 -591
9 1 223
1 2 -495
2 5 67
5 4 -245
4 10 415
10
1 7 -239
6 2 855
2 8 89
7 8 -79
9 8 885
8 3 -45
3 4 15
4 5 -387
5 10 -355
10
1 3 -43
2 6 -743
5 10 -895
6 9 595
7 10 135
8 3 -719
3 10 -295
9 4 789
4 10 755
10
3 2 335
2 7 -301
5 9 -555
6 1 -469
8 7 7
7 9 -95
9 4 -655
4 1 -171
1 10 487
10
3 9 -153
4 2 -711
5 8 -919
6 1 607
1 2 -21
8 2 751
2 9 445
9 7 375
7 10 -577
10
3 2 -799
4 7 -149
6 7 531
8 5 885
5 1 -935
9 7 -15
7 1 -275
1 2 -559
2 10 95
10
2 10 67
5 4 275
6 3 -17
7 8 -27
8 10 -195
9 4 -545
4 3 -39
3 1 -503
1 10 59
10
1 6 -31
2 3 31
4 3 -991
3 9 -589
6 5 -103
5 10 -631
7 8 855
9 8 -703
8 10 711
10
2 4 69
7 6 15
6 10 957
8 4 -231
9 4 -35
4 5 -301
5 3 61
3 1 711
1 10 805
10
3 4 871
6 9 455
7 4 951
4 10 447
8 5 5
5 1 511
9 1 875
1 2 935
2 10 -181
10
1 6 -671
2 6 777
3 7 -255
5 9 -647
7 9 -47
8 4 779
4 6 -527
6 10 -31
9 10 15
10
1 4 -863
5 10 815
6 9 11
8 9 -73
9 3 3
3 4 -875
4 7 135
7 2 777
2 10 679
10
2 10 -643
6 9 -939
7 1 -415
1 5 775
9 8 -707
8 5 181
5 3 -175
3 4 863
4 10 -359
10
1 10 895
2 10 -971
4 5 -775
5 10 -295
6 8 55
7 3 -871
8 3 -239
9 3 -75
3 10 95
10
3 10 327
4 7 -455
5 1 -91
1 6 -77
8 10 603
9 6 93
6 7 199
7 2 7
2 10 -835
10
2 6 -385
3 6 875
4 1 967
1 10 -821
7 8 -319
8 5 -23
5 6 651
9 6 -71
6 10 -927
10
3 7 383
6 2 -425
2 7 55
7 8 39
9 4 331
4 1 -615
1 5 -181
5 8 523
8 10 -199
10
1 10 11
4 5 775
5 6 -95
6 3 -903
3 2 63
8 2 75
2 7 -57
7 9 431
9 10 707
10
8 1 827
1 2 455
9 4 519
4 6 925
6 5 -53
5 3 567
3 2 815
2 7 863
7 10 973
10
2 5 145
3 7 917
5 7 415
6 1 -27
1 4 835
7 4 303
8 4 -907
9 4 -807
4 10 119
10
3 5 563
4 2 611
5 1 789
1 7 -47
9 8 -43
8 2 95
2 7 -567
7 6 -95
6 10 789
10
4 10 -671
5 7 27
7 8 -43
8 1 -151
1 9 -15
9 6 279
6 2 -575
2 3 63
3 10 -15
10
2 9 195
4 1 -791
5 1 -971
1 3 -3
3 8 297
7 6 -999
8 6 157
6 9 935
9 10 497
10
3 1 -351
1 6 -719
4 2 91
5 2 -17
6 8 549
7 2 -619
8 2 871
2 9 593
9 10 15
10
1 5 275
6 5 -55
5 4 -701
7 3 47
3 9 191
9 2 -993
2 4 83
4 8 655
8 10 15
10
2 5 -395
5 7 551
6 9 -19
7 4 15
8 10 -675
9 4 -655
4 3 -55
3 1 -29
1 10 -535
10
1 9 119
4 7 -391
7 3 499
3 5 695
5 6 -951
8 6 113
6 10 67
9 2 127
2 10 -767
10
3 8 95
4 8 157
5 1 75
1 6 -247
9 7 87
7 2 -35
2 8 -899
8 6 -663
6 10 575
10
2 9 -55
4 3 -723
3 1 11
1 8 -671
7 9 647
9 6 783
6 8 -871
8 5 155
5 10 -87
10
5 3 -679
7 6 -731
8 3 919
9 2 95
2 6 -367
6 1 -565
1 3 -575
3 4 -247
4 10 849
10
1 9 -37
4 2 155
2 10 -343
5 3 -307
3 7 -51
8 6 111
6 10 -55
9 7 157
7 10 -855
10
1 10 -279
2 8 577
5 4 889
4 7 943
6 3 -31
3 10 -183
9 8 -607
8 7 193
7 10 -169
10
2 9 -713
6 3 -11
3 4 7
4 8 -851
8 5 99
5 1 -827
1 7 243
7 10 683
9 10 603
10
4 6 15
6 5 993
5 10 -253
7 8 -547
8 3 -551
3 9 191
9 2 -55
2 1 599
1 10 537
10
2 8 779
3 8 -495
4 1 951
1 10 207
6 9 -27
7 8 535
9 8 555
8 5 941
5 10 175
10
2 7 587
4 7 -971
7 5 -95
5 1 231
1 6 -13
6 3 51
9 8 987
8 3 -85
3 10 -81
10
2 3 819
5 1 -5
1 10 339
6 4 -485
4 3 515
3 8 237
7 9 -159
8 10 -575
9 10 595
10
3 7 -977
4 9 735
5 1 -875
6 8 507
7 9 -195
8 1 511
9 2 365
2 1 -615
1 10 -863
10
5 4 -897
4 3 -399
6 2 -175
2 1 391
8 1 -35
1 7 -19
7 3 -121
3 9 -255
9 10 -29
10
1 9 99
4 8 -247
5 3 -79
3 8 -917
7 8 -55
8 2 447
2 6 27
6 10 -527
9 10 -369
10
2 7 -27
3 9 51
5 9 -19
6 10 211
8 7 27
7 4 -127
4 9 -965
9 1 5
1 10 -575
10
1 6 573
4 6 235
5 6 487
8 6 -971
9 6 -17
6 3 -343
3 2 225
2 7 831
7 10 -9
10
2 8 655
4 9 351
5 8 95
6 3 391
3 1 859
1 9 -39
9 8 795
8 7 989
7 10 -3
10
3 8 471
4 2 -7
2 9 383
8 6 209
6 7 833
7 10 843
9 1 191
1 5 -47
5 10 -923
10
1 3 385
2 9 55
4 5 -57
7 5 615
5 6 -805
6 9 -23
9 8 187
8 3 -23
3 10 533
10
2 4 -939
5 7 -953
7 1 675
1 3 -403
3 6 -817
8 9 -795
9 4 -735
4 6 255
6 10 99
10
4 3 691
3 10 739
6 9 539
7 2 -897
2 9 -203
8 1 -51
1 10 -627
9 5 49
5 10 75
10
3 7 175
5 2 -845
6 2 727
2 9 475
7 8 -147
8 10 -289
9 1 -175
1 4 99
4 10 813
10
1 4 205
2 3 -911
4 10 -91
5 8 135
8 6 -205
9 3 -751
3 7 805
7 6 -5
6 10 -465
10
5 7 895
7 6 203
6 8 -313
9 1 -791
1 8 -119
8 3 119
3 4 -811
4 2 855
2 10 43
10
3 1 179
7 4 667
4 5 -55
5 6 119
6 10 -951
9 8 3
8 1 -369
1 2 945
2 10 -3
10
3 1 779
4 10 623
6 9 7
7 8 827
8 1 641
9 1 33
1 2 -639
2 5 -815
5 10 -719
10
5 9 575
7 2 -75
8 4 -7
9 2 -921
2 3 -257
3 4 -35
4 1 305
1 6 121
6 10 -7
10
2 1 -71
1 9 -75
3 10 -23
5 4 989
4 6 -19
7 10 787
9 6 -91
6 8 -535
8 10 279
10
2 3 479
3 5 -63
4 8 775
5 7 59
6 9 95
9 8 867
8 1 623
1 7 751
7 10 55
10
2 7 813
5 4 955
4 8 -5
9 3 -455
3 7 -203
7 1 363
1 8 985
8 6 -831
6 10 -959
10
4 10 935
6 3 169
8 3 -495
3 2 75
2 1 67
1 5 495
5 10 47
9 7 895
7 10 59
10
2 3 -231
3 9 -55
4 7 -707
5 6 731
7 10 77
8 1 -275
1 10 -303
9 6 -323
6 10 327
10
4 10 -207
5 1 515
6 3 35
3 2 989
2 1 253
1 7 305
7 8 95
9 8 541
8 10 -5
10
4 8 -655
5 2 77
2 10 -727
6 1 431
7 1 83
1 10 -883
8 3 -113
9 3 35
3 10 -623
10
1 2 355
2 4 67
4 6 -71
5 8 959
7 10 -33
8 6 905
6 10 485
9 3 495
3 10 157
10
5 1 -877
1 10 -791
8 3 465
3 7 513
7 6 439
9 2 615
2 6 923
6 4 -135
4 10 981
10
1 10 395
2 5 245
6 3 695
3 8 749
7 10 775
8 10 331
9 5 -827
5 4 545
4 10 151
10
1 10 -355
3 2 3
2 7 -177
6 4 -515
4 7 427
7 5 55
5 10 -23
8 10 -163
9 10 31
10
2 10 -35
3 8 -351
4 10 5
6 8 -215
8 7 -57
9 1 815
1 7 -75
7 5 -573
5 10 23
10
1 10 -491
3 9 -31
4 7 53
7 5 -983
5 2 -267
2 8 363
9 8 -835
8 6 -31
6 10 633
10
1 3 -635
5 2 -55
2 6 -817
7 3 -355
3 10 -755
8 4 721
4 6 -61
6 10 101
9 10 105
10
3 1 39
1 9 215
8 4 61
4 7 -535
7 2 -519
2 9 185
9 6 -967
6 5 -695
5 10 -735
10
1 8 255
3 8 297
4 9 919
5 9 -205
7 6 579
8 9 -575
9 6 873
6 2 287
2 10 -87
10
1 2 855
2 8 -647
5 9 661
8 6 525
9 6 -275
6 4 75
4 7 -43
7 3 -95
3 10 -101
10
4 3 871
3 6 -77
5 9 23
6 1 -405
7 1 -35
8 2 -449
2 10 5
9 1 15
1 10 855
10
7 6 -231
9 6 975
6 2 -447
2 3 -399
3 5 -239
5 8 -965
8 4 -585
4 1 -15
1 10 -727
10
2 1 419
1 4 67
4 8 287
7 3 535
8 9 5
9 3 -903
3 6 -831
6 5 -89
5 10 343
10
3 4 7
4 6 23
8 1 425
1 5 965
5 2 -175
9 7 -9
7 2 -631
2 6 13
6 10 -195
10
3 5 -315
5 8 823
8 2 35
2 4 533
4 1 -7
9 1 -959
1 6 -773
6 7 3
7 10 -265
10
2 1 91
5 7 437
7 1 25
1 10 -135
8 4 -35
4 9 463
9 3 -47
3 6 -79
6 10 -923
10
4 8 -287
6 8 -955
7 5 79
5 10 -359
8 2 355
2 3 -3
3 10 803
9 1 513
1 10 691
10
2 5 163
4 3 311
3 10 105
5 8 19
9 8 -605
8 6 367
6 7 -85
7 1 155
1 10 65
10
1 6 -949
2 8 -723
6 3 99
7 3 -955
8 5 43
5 4 -355
4 3 835
3 9 763
9 10 255
10
1 4 911
5 2 605
2 4 -755
6 9 -635
8 4 263
4 3 639
9 7 951
7 3 23
3 10 -691
10
1 8 -85
2 8 27
4 3 805
3 5 -709
5 7 -347
6 7 453
7 10 377
8 9 539
9 10 -67
10
2 4 -45
3 10 -351
5 7 -335
6 1 15
1 4 75
7 4 527
8 4 889
4 10 567
9 10 155
10
2 10 299
3 8 15
4 8 -65
5 7 269
6 1 -35
7 10 581
9 8 687
8 1 -67
1 10 239
10
4 1 -123
1 2 731
6 8 433
7 2 141
2 8 15
8 10 255
9 5 87
5 3 591
3 10 -95
10
1 2 27
2 8 -545
6 9 -661
9 7 237
7 5 -655
5 8 -449
8 4 361
4 3 419
3 10 847
10
3 8 177
4 2 -395
6 5 259
5 10 339
7 8 -39
9 1 973
1 2 -77
2 8 -351
8 10 -111
10
1 5 -31
2 4 19
4 9 -879
5 3 -15
6 3 691
3 7 -131
9 7 967
7 8 -531
8 10 191
10
1 3 -505
5 3 535
3 7 559
7 6 -613
6 2 -63
8 4 -575
4 2 -781
2 9 -873
9 10 887
10
1 9 727
2 10 -143
3 10 319
4 8 -567
5 7 -855
7 9 -727
8 6 467
6 10 -273
9 10 151
10
1 8 595
5 2 99
6 2 347
7 3 225
8 4 483
4 3 83
3 2 43
2 9 147
9 10 -5
10
4 3 -295
5 7 563
6 8 -913
8 7 -885
7 1 21
1 2 619
9 2 -167
2 3 323
3 10 -987
10
2 10 -63
6 9 69
7 4 97
4 1 625
1 9 -307
8 5 -119
5 3 59
3 10 991
9 10 87
10
2 4 61
5 3 399
7 6 141
6 4 -91
4 3 751
3 9 13
8 1 31
1 9 -859
9 10 535
10
2 5 -439
6 3 -9
8 7 55
7 4 -49
4 1 655
1 5 -263
5 9 655
9 3 -355
3 10 -917
10
1 9 359
4 2 -815
2 8 -655
5 3 -727
3 10 87
7 8 939
9 6 287
6 8 35
8 10 -75
10
1 2 993
2 5 877
3 9 -341
5 6 503
6 4 -159
9 4 -215
4 7 21
7 8 -853
8 10 189
10
5 3 -891
3 1 -403
1 4 951
4 10 545
6 9 -65
7 8 -25
8 2 805
2 9 647
9 10 -855
10
3 2 -799
2 7 -783
4 1 57
1 5 11
5 8 -847
6 9 -135
8 7 -5
7 10 -55
9 10 -855
10
2 9 -805
4 7 -7
5 9 155
7 8 -275
9 8 63
8 1 -335
1 3 33
3 6 -275
6 10 -135
10
4 1 -643
7 1 -987
1 10 -29
9 6 5
6 2 -585
2 5 -743
5 3 -465
3 8 -71
8 10 35
10
2 4 247
4 5 279
6 5 23
7 3 -505
8 5 777
5 3 223
3 1 135
9 1 -897
1 10 175
10
1 2 869
5 3 -655
3 4 887
7 6 647
6 4 803
8 10 -7
9 4 447
4 2 -25
2 10 -145
10
3 2 755
2 10 7
5 6 -501
6 1 687
1 4 -903
4 9 -941
9 8 35
8 7 505
7 10 -23
10
2 1 -31
7 5 -61
5 6 59
6 4 591
4 1 385
1 3 -143
8 9 -235
9 3 359
3 10 663
10
2 8 -47
3 10 579
6 1 343
1 4 255
4 10 535
7 10 -565
8 5 35
9 5 367
5 10 775
10
5 4 -555
6 4 -79
4 3 -75
7 1 63
8 9 -35
9 1 55
1 2 605
2 3 765
3 10 455
10
1 10 27
2 10 -455
3 4 459
4 5 -649
5 7 -207
6 10 541
8 7 -53
9 7 -721
7 10 -75
10
1 7 671
2 4 -795
3 7 -855
5 4 -203
6 9 911
7 10 857
9 4 -255
4 8 -345
8 10 -35
10
3 10 -567
5 7 323
6 2 415
8 7 -575
9 4 -255
4 1 -855
1 7 767
7 2 25
2 10 847
10
4 2 895
2 7 63
6 3 -527
3 9 743
9 5 83
5 8 679
8 1 -623
1 7 -251
7 10 375
10
2 6 695
3 1 807
6 4 -951
4 10 859
7 5 -91
8 5 645
9 1 85
1 5 953
5 10 955
10
4 6 -919
7 8 215
9 2 3
2 3 63
3 8 -55
8 6 35
6 5 475
5 1 995
1 10 343
10
4 1 343
1 10 -835
6 9 -7
7 9 -59
8 2 155
9 2 229
2 3 55
3 5 859
5 10 175
10
2 1 -91
4 5 -159
5 10 465
7 1 -935
1 3 335
3 9 -655
8 6 123
9 6 605
6 10 -771
10
1 8 135
2 6 -267
3 6 779
6 8 65
7 4 825
4 5 -975
5 8 201
8 9 -949
9 10 831
10
3 2 -423
2 8 731
4 7 687
9 7 93
7 1 -39
1 8 -415
8 6 -325
6 5 -195
5 10 255
10
3 1 167
4 5 -571
5 9 335
6 8 699
8 1 -495
9 1 -119
1 7 27
7 2 39
2 10 943
10
3 6 -727
5 1 -829
1 9 -51
6 2 383
2 10 -895
8 4 915
9 4 -391
4 7 449
7 10 -67
10
3 7 -671
4 10 775
6 2 95
2 5 23
5 10 939
7 1 -193
1 10 93
9 8 197
8 10 -323
10
1 5 -335
3 6 -351
7 6 355
6 2 823
2 10 -95
8 5 -733
5 4 -923
4 10 -845
9 10 -5
10
3 5 -575
4 1 -663
6 1 463
1 2 71
7 8 495
8 2 -695
2 9 -241
9 5 705
5 10 59
10
3 4 -75
5 6 855
7 1 659
1 10 695
8 6 -745
9 4 -85
4 6 -385
6 2 115
2 10 375
10
1 9 -125
4 5 459
6 2 313
8 3 585
3 2 -415
9 5 -767
5 7 769
7 2 3
2 10 -247
10
1 4 -669
3 9 109
4 2 -25
5 10 837
7 6 695
6 2 -83
8 2 41
2 9 763
9 10 83
10
2 3 -59
3 8 283
4 7 895
9 8 9
8 6 591
6 1 -827
1 7 933
7 5 -635
5 10 -71
10
2 5 111
6 4 -355
4 10 -955
7 3 263
3 1 19
1 10 651
8 10 -69
9 5 295
5 10 -145
10
1 8 -725
3 7 -67
6 4 225
7 8 -755
8 5 -333
5 2 -55
2 4 -927
4 9 15
9 10 -71
10
1 2 -83
6 10 695
7 2 -75
8 3 975
3 10 523
9 5 -495
5 4 679
4 2 35
2 10 -39
10
1 9 -307
4 3 -945
5 3 -143
6 3 -463
8 7 645
7 2 907
2 3 91
3 9 -23
9 10 795
10
2 8 467
3 5 421
7 10 95
8 1 475
1 4 547
9 6 -599
6 4 7
4 5 851
5 10 -523
10
1 7 -205
3 5 431
5 10 -127
8 9 -95
9 4 -239
4 2 -709
2 7 -855
7 6 17
6 10 315
10
2 4 197
5 1 565
1 7 -111
7 4 495
9 6 167
6 3 721
3 4 575
4 8 51
8 10 549
10
3 2 35
4 2 711
5 1 63
1 10 -759
7 6 47
8 2 -243
9 6 -567
6 2 23
2 10 455
10
2 4 -3
3 8 465
4 9 -75
6 5 35
7 5 657
5 8 81
8 1 -185
1 9 95
9 10 -447
10
3 7 -647
4 1 -47
7 1 55
1 6 855
8 10 255
9 6 -365
6 2 527
2 5 271
5 10 199
10
1 7 463
2 3 975
3 10 -675
4 8 -55
5 10 283
8 6 917
6 7 -155
9 7 -51
7 10 303
10
3 9 -79
4 9 -743
5 6 -875
6 2 825
2 10 -919
8 9 -479
9 7 -953
7 1 -39
1 10 749
10
4 7 583
5 6 -897
6 1 299
1 2 423
9 7 615
7 2 -645
2 3 585
3 8 403
8 10 -669
10
1 8 597
2 7 -975
5 10 -15
7 4 591
4 9 -407
8 6 -519
6 3 -129
3 10 665
9 10 -51
10
1 10 -907
6 8 -691
8 5 469
5 4 95
4 10 395
9 3 5
3 7 -635
7 2 999
2 10 -751
10
1 4 -469
2 6 -83
3 9 675
4 5 615
6 5 759
5 8 91
7 9 343
8 10 575
9 10 -483
10
4 8 -395
8 6 -55
6 2 -435
2 5 -151
5 3 603
3 1 -585
1 7 183
9 7 -503
7 10 315
10
3 10 -883
4 2 -829
2 9 23
6 7 143
7 5 -63
5 1 -11
1 9 59
9 8 119
8 10 33
10
4 1 -23
1 7 -415
6 9 51
7 3 503
3 2 -413
8 2 979
9 2 -11
2 5 229
5 10 -983
10
2 1 -47
4 1 167
5 7 767
6 1 -171
1 3 25
3 8 55
8 7 -583
9 7 27
7 10 -19
10
3 7 -635
4 2 -763
7 5 -69
5 9 407
8 1 463
1 6 879
6 2 -71
2 10 791
9 10 579
10
2 6 387
3 8 471
4 1 -495
8 7 679
7 5 303
5 6 -731
6 1 85
1 9 191
9 10 -631
10
3 6 751
4 2 35
7 5 479
5 6 79
6 2 749
8 1 -83
1 9 275
9 2 -607
2 10 75
10
4 1 615
1 3 -195
3 7 7
5 2 403
6 9 659
7 8 767
9 8 -895
8 2 -337
2 10 -555
10
2 10 895
3 6 -55
7 1 869
1 5 855
5 4 15
4 8 799
9 8 19
8 6 -95
6 10 -755
10
3 10 537
4 8 -865
5 6 611
9 8 -5
8 7 415
7 2 73
2 6 -495
6 1 727
1 10 487
10
4 1 539
1 3 -531
3 9 -887
6 7 861
7 10 -27
8 2 477
2 10 5
9 5 -55
5 10 7
10
3 8 -31
5 9 77
6 9 499
7 4 -995
4 8 -615
8 2 19
2 1 -23
1 10 -875
9 10 -19
10
2 4 395
3 9 -607
5 9 -55
6 8 -467
8 10 -33
9 7 735
7 1 779
1 4 -747
4 10 887
10
1 3 -675
5 6 27
7 2 955
9 4 -591
4 2 527
2 6 -803
6 3 -189
3 8 519
8 10 -55
10
2 1 -871
1 8 491
5 6 685
6 8 199
7 3 -399
3 9 -755
8 4 555
4 10 -55
9 10 -591
10
2 8 455
3 7 -95
5 9 475
7 6 295
6 4 805
4 9 -223
8 1 407
1 9 -477
9 10 75
10
4 5 -943
8 2 59
2 1 955
1 6 95
6 5 -535
5 3 -73
3 7 3
7 9 -71
9 10 643
10
5 1 15
8 7 -663
7 1 47
1 3 -455
9 4 -79
4 6 491
6 3 207
3 2 643
2 10 -453
10
1 7 839
4 2 -591
2 6 35
6 3 -563
8 5 417
5 3 -405
3 7 885
7 9 435
9 10 71
10
2 10 -843
3 4 -95
8 6 855
6 4 791
4 5 63
5 7 719
9 1 807
1 7 -187
7 10 -631
10
5 2 -555
2 6 -815
6 1 -343
1 4 -593
4 3 -79
3 8 815
7 8 -985
9 8 243
8 10 287
10
7 3 427
3 1 823
1 6 599
6 10 -247
8 5 487
5 10 -305
9 4 -855
4 2 687
2 10 119
10
3 7 -63
4 2 179
2 9 435
5 8 73
7 1 -279
1 6 -59
6 8 -55
8 9 985
9 10 711
10
1 2 447
3 6 -987
4 10 -671
6 9 -789
8 5 -479
5 2 57
2 7 -903
7 9 -643
9 10 879
10
2 5 -909
3 4 -675
5 8 -43
7 1 695
8 6 -455
6 4 -93
4 1 511
9 1 -919
1 10 -519
10
2 10 623
3 8 935
6 4 415
4 10 131
7 1 -95
9 1 251
1 8 -601
8 5 -55
5 10 -351
10
2 10 303
3 10 -55
5 8 -9
8 1 -67
9 7 -33
7 4 275
4 1 -485
1 6 -85
6 10 -679
10
4 6 -823
5 10 607
6 2 -335
8 3 745
3 2 -75
2 7 25
7 10 -223
9 1 523
1 10 199
10
1 2 129
5 4 -19
4 3 -7
3 2 -313
6 10 -731
8 2 399
9 2 -135
2 7 -895
7 10 55
10
1 10 -369
2 5 625
3 10 535
4 7 25
7 5 -735
8 6 -315
6 9 -895
9 5 75
5 10 -347
10
1 3 -565
3 7 945
7 9 975
8 6 -499
6 4 17
9 5 -99
5 4 -503
4 2 571
2 10 -679
10
1 6 95
2 7 787
4 7 447
7 5 47
5 10 803
8 10 5
9 6 -663
6 3 859
3 10 -639
10
6 5 675
5 9 -59
7 4 -43
4 1 -791
1 3 923
8 2 -391
9 3 935
3 2 727
2 10 -887
10
1 8 295
2 9 -271
3 6 5
4 10 55
6 7 -961
8 7 -1
7 10 57
9 5 395
5 10 379
10
2 9 -455
4 1 583
5 9 -755
8 7 257
9 6 215
6 7 683
7 1 665
1 3 -117
3 10 75
10
1 4 -255
5 8 27
6 7 -295
8 3 371
3 7 -53
7 9 95
9 2 755
2 4 -895
4 10 305
10
1 5 871
5 10 921
6 8 43
8 3 -631
3 10 -81
9 2 685
2 4 -995
4 7 91
7 10 -35
10
1 10 285
3 5 -855
4 2 951
5 8 71
9 7 -903
7 8 571
8 2 -73
2 6 -955
6 10 -39
10
1 2 611
5 3 -59
3 7 541
8 10 -287
9 2 -199
2 4 823
4 6 21
6 7 439
7 10 99
10
3 4 -19
4 2 579
2 5 863
6 1 955
1 9 7
8 5 -75
5 9 -859
9 7 -559
7 10 855
10
3 6 207
4 9 135
6 5 -857
9 5 -735
5 2 -83
2 8 -805
8 1 -91
1 7 -51
7 10 -95
10
2 3 179
3 8 63
5 1 3
8 4 -775
4 6 -519
9 7 71
7 6 -47
6 1 -393
1 10 -927
10
2 1 863
3 1 375
1 5 -67
4 8 451
5 6 -287
6 10 -905
7 10 903
8 10 -655
9 10 -215
10
5 3 -231
3 2 -15
2 8 561
7 4 -783
4 8 63
8 1 205
1 9 91
9 6 -25
6 10 975
10
5 1 95
1 4 215
4 2 223
9 2 -59
2 8 391
8 3 -101
3 6 743
6 7 -669
7 10 -815
10
3 2 -303
2 6 -503
5 1 15
1 6 123
6 7 9
7 4 559
8 4 31
4 10 815
9 10 677
10
1 9 -11
7 5 -639
5 4 -75
4 2 -51
9 6 599
6 3 -75
3 8 -871
8 2 405
2 10 645
10
2 10 -829
5 4 -775
9 7 -95
7 4 823
4 3 287
3 6 -75
6 8 935
8 1 -393
1 10 735
10
1 7 -871
2 3 -877
6 3 -515
7 3 23
3 9 175
8 10 81
9 4 -575
4 5 -11
5 10 367
10
1 5 -805
2 9 571
3 4 895
4 5 -769
6 5 719
5 9 -27
8 10 775
9 7 -747
7 10 -475
10
2 5 -15
3 1 263
1 5 719
5 4 393
4 8 -949
6 8 -91
8 7 -7
9 7 707
7 10 -939
10
2 10 905
3 5 -119
4 7 -615
7 9 985
8 10 -7
9 1 -55
1 5 999
5 6 -565
6 10 -217
10
3 8 -167
8 2 593
2 10 -901
9 5 305
5 4 -339
4 6 -439
6 1 15
1 7 -265
7 10 -195
10
1 7 -777
3 10 -129
4 2 -533
7 5 -49
5 6 115
6 8 -35
8 2 -323
9 2 435
2 10 47
10
2 5 11
3 1 727
5 10 247
6 9 -493
9 8 -973
8 7 599
7 1 -887
1 4 879
4 10 -5
10
4 5 -165
5 7 -535
6 1 -207
1 3 43
3 2 699
7 2 -753
2 10 687
8 9 -85
9 10 -391
10
2 6 629
5 6 -447
6 7 -505
7 4 -431
8 3 83
3 4 47
4 10 -107
9 1 7
1 10 1
10
2 8 891
3 10 525
5 10 791
9 6 897
6 8 485
8 7 569
7 4 59
4 1 -37
1 10 -249
10
1 6 247
4 7 131
5 7 647
7 6 -559
9 2 -95
2 6 -927
6 3 327
3 8 -695
8 10 -767
10
3 4 -355
6 9 -991
7 10 13
8 9 -59
9 2 -39
2 4 595
4 1 -121
1 5 -15
5 10 87
10
1 6 335
4 3 -887
3 2 -647
6 10 767
7 9 -55
9 5 -895
5 8 723
8 2 95
2 10 847
10
1 10 161
3 10 -103
7 4 205
8 5 5
5 10 -19
9 6 -51
6 2 59
2 4 455
4 10 -33
10
4 2 775
5 2 791
2 1 135
7 8 -771
8 6 -39
6 3 481
3 1 753
1 9 -201
9 10 15
10
3 1 -371
4 1 751
1 2 487
2 6 567
6 5 -975
5 7 -13
8 7 -327
7 9 -415
9 10 -11
10
2 4 -601
3 4 375
4 8 315
5 10 451
6 10 839
7 10 -75
8 1 -743
1 9 687
9 10 -111
10
1 10 407
4 8 -63
5 8 -555
7 10 -69
8 2 -451
2 6 -15
6 9 -235
9 3 183
3 10 -965
10
5 6 655
7 1 661
1 4 -19
4 6 415
8 6 961
6 3 163
9 3 667
3 2 51
2 10 -407
10
3 4 -897
5 7 -265
8 7 739
7 9 -519
9 2 55
2 4 599
4 1 -727
1 6 947
6 10 585
10
1 7 -103
2 8 547
3 10 515
6 4 135
4 5 317
5 10 -19
9 8 -367
8 7 711
7 10 837
10
1 5 855
2 5 -207
4 10 11
5 3 -99
3 8 295
7 9 -699
8 6 -233
6 10 -75
9 10 -667
10
1 5 255
2 10 455
3 8 -27
7 6 67
6 9 -915
8 4 391
4 5 -55
9 5 743
5 10 377
10
4 6 803
5 3 355
3 1 83
1 7 67
7 2 -643
8 6 -455
6 9 -619
9 2 751
2 10 -11
10
6 8 -23
7 5 -99
8 1 -189
1 5 51
5 3 -79
3 9 -383
9 2 665
2 4 455
4 10 -279
10
2 9 -623
5 10 -471
7 8 355
8 1 -95
1 6 207
6 9 -467
9 4 -135
4 3 -917
3 10 -305
10
2 3 -535
3 1 -895
6 5 319
5 1 -295
1 7 781
7 4 -743
4 8 39
8 10 -223
9 10 855
10
1 6 407
5 7 909
6 9 731
7 2 -37
2 4 325
4 9 191
8 10 769
9 3 387
3 10 -535
10
6 5 -443
7 4 -867
4 1 575
1 9 335
8 10 -383
9 2 -505
2 3 -243
3 5 255
5 10 -501
10
8 5 -103
5 6 183
6 4 51
4 1 -575
1 7 371
9 2 329
2 3 -903
3 7 517
7 10 -405
10
1 9 85
2 3 737
5 7 995
6 3 -587
8 9 927
9 4 -25
4 3 73
3 7 -29
7 10 399
10
7 1 603
1 3 -71
3 10 -759
8 2 51
9 6 -263
6 4 -95
4 2 203
2 5 921
5 10 -655
10
1 4 325
4 5 -485
5 6 -59
6 7 -103
7 3 5
3 2 125
2 9 767
8 10 311
9 10 -359
10
3 1 -663
5 9 119
7 6 839
6 2 -345
8 4 -55
4 2 -715
2 1 -775
9 1 31
1 10 863
10
3 4 -207
4 1 -365
5 1 -71
1 6 899
6 2 89
7 2 -71
2 9 55
9 8 215
8 10 445
10
1 5 61
4 9 -463
5 6 631
7 10 625
8 9 -839
9 2 647
2 3 -77
3 6 -579
6 10 -667
10
2 1 639
5 9 -685
6 10 531
7 4 -71
4 1 11
8 1 -63
1 3 79
3 9 -187
9 10 203
10
1 10 -923
3 9 -35
4 5 -599
5 8 -183
6 2 -55
2 7 447
7 8 -15
8 10 59
9 10 -23
10
3 5 -207
6 7 -19
7 10 55
8 1 -735
1 4 -575
9 5 7
5 2 3
2 4 683
4 10 -405
10
3 1 -603
4 2 -83
7 6 -95
9 8 -139
8 1 959
1 2 -131
2 5 -927
5 6 -555
6 10 851
10
2 10 -73
5 1 581
7 3 -55
8 4 93
4 1 -695
1 3 647
3 6 61
6 10 -871
9 10 -25
10
1 5 255
2 4 -151
3 7 507
6 5 -823
5 9 957
9 8 -453
8 7 59
7 4 -87
4 10 235
10
1 4 655
2 10 197
6 3 303
3 5 53
8 7 47
9 7 655
7 4 -67
4 5 195
5 10 79
10
1 10 19
2 3 -743
4 6 -707
5 9 -723
6 9 573
8 10 305
9 3 -15
3 7 -863
7 10 21
10
1 8 935
7 6 -673
6 2 721
2 9 -147
8 5 -261
5 4 463
4 3 679
3 10 287
9 10 -27
10
1 5 835
2 8 -31
4 8 -763
7 5 -155
5 6 87
9 6 71
6 3 435
3 8 53
8 10 489
10
4 2 759
5 8 199
6 3 -79
3 8 727
7 8 -71
8 10 -263
9 2 335
2 1 -89
1 10 643
10
1 5 -671
4 8 -199
5 10 -643
6 2 991
2 8 -255
9 7 -265
7 3 -115
3 8 -523
8 10 -651
10
2 7 403
4 9 -143
6 3 981
3 5 -15
8 10 79
9 5 709
5 7 821
7 1 31
1 10 639
10
1 2 7
5 3 415
3 4 -857
4 8 675
6 2 -383
9 7 -5
7 2 -277
2 8 -783
8 10 -739
10
2 9 -99
6 7 -325
7 1 35
9 3 -985
3 5 -79
5 8 -163
8 4 -55
4 1 189
1 10 23
10
2 9 593
4 8 -85
6 1 -727
1 3 3
3 5 -941
7 5 945
5 8 -75
9 8 871
8 10 -691
10
2 9 5
6 1 -467
7 8 -215
8 4 -95
4 5 -299
5 1 -19
1 3 -371
3 9 95
9 10 -499
10
1 9 501
3 6 43
4 8 -915
5 7 -975
6 8 927
7 2 999
2 10 -135
8 9 855
9 10 267
10
1 8 -143
3 10 19
6 2 555
2 9 -975
8 4 817
9 4 -27
4 7 815
7 5 -635
5 10 -299
10
2 8 599
3 1 791
4 5 701
6 5 -931
5 10 -605
8 1 993
9 7 -273
7 1 695
1 10 927
10
1 8 -1
2 3 981
3 6 771
4 10 -23
5 10 -815
6 9 -11
8 7 79
9 7 -15
7 10 -17
10
1 7 -735
5 4 -327
4 9 55
7 2 67
2 9 71
8 3 -875
3 6 91
9 6 -83
6 10 -99
10
5 7 -895
6 4 -585
4 10 -255
8 7 55
7 2 495
9 3 615
3 1 -775
1 2 231
2 10 -455
10
1 2 3
7 3 503
3 4 -781
4 5 -15
5 6 -265
6 10 287
8 9 -363
9 2 -467
2 10 81
10
2 6 9
7 10 -175
9 3 943
3 4 -467
4 1 -223
1 5 -115
5 8 -267
8 6 -243
6 10 765
10
1 10 983
2 6 -75
4 8 -55
5 6 -1
7 6 -55
6 3 491
3 9 991
8 10 563
9 10 51
10
1 9 -779
2 8 575
5 6 -543
6 4 979
4 8 -679
8 7 511
7 3 -227
9 3 -871
3 10 711
10
2 4 965
4 6 -73
6 3 663
7 10 541
8 3 775
3 9 -243
9 1 459
1 5 719
5 10 789
10
1 7 85
4 3 -535
3 8 -903
5 6 607
8 6 -813
6 7 671
7 10 -411
9 2 -495
2 10 -435
10
2 7 735
4 5 -7
5 3 -759
3 1 -7
6 8 -67
7 1 375
1 8 13
9 8 237
8 10 39
10
1 8 -807
2 8 307
4 10 -61
5 8 -61
6 8 27
7 3 75
3 9 55
9 8 687
8 10 943
10
1 9 -955
2 10 779
5 10 69
6 4 511
7 9 379
8 4 95
9 3 123
3 4 -71
4 10 -917
10
2 5 71
6 5 571
7 4 833
8 4 -319
4 1 -297
1 5 -55
5 3 35
9 3 -751
3 10 -495
10
1 6 727
2 4 23
3 10 -309
5 9 -51
6 4 -835
7 8 9
8 10 43
9 4 -95
4 10 415
10
4 9 469
6 7 53
7 9 -81
9 3 83
3 2 557
2 8 -59
8 1 -255
1 5 -999
5 10 -767
10
3 2 451
4 10 -591
5 2 671
2 1 313
1 7 -457
7 6 47
6 8 -1
8 10 627
9 10 261
10
1 4 151
2 6 -919
3 4 -293
5 4 411
4 8 -35
6 7 71
7 9 25
8 10 299
9 10 763
10
1 2 -965
2 9 -315
3 4 -255
4 9 -115
6 10 685
9 7 -703
7 8 -935
8 5 -379
5 10 -861
10
1 7 -155
2 4 -523
3 7 43
4 8 -119
6 9 45
7 8 -415
8 10 367
9 5 755
5 10 -37
10
2 3 19
4 1 315
7 1 927
1 5 -149
8 3 259
3 10 -55
9 5 261
5 6 91
6 10 695
10
4 2 51
5 1 559
6 8 833
9 2 207
2 8 -775
8 7 -555
7 3 -331
3 1 235
1 10 125
10
5 6 -351
6 1 501
9 8 -39
8 2 659
2 1 117
1 4 -653
4 7 -53
7 3 -849
3 10 -55
10
1 9 779
6 4 999
4 5 -51
5 3 -983
3 2 -527
7 2 -285
2 9 415
8 9 755
9 10 -285
10
2 9 -375
7 3 -297
3 5 441
8 1 -855
1 5 -545
5 6 -71
6 4 -303
4 10 995
9 10 -65
10
4 1 719
1 8 75
5 3 -657
6 7 65
8 3 -371
3 7 493
7 9 451
9 2 27
2 10 95
10
1 3 -15
5 4 -95
4 2 -935
7 2 -823
2 9 -715
8 3 -559
3 6 29
6 10 511
9 10 -781
10
3 10 -55
5 4 -865
4 6 -79
6 10 321
7 1 -131
9 8 381
8 1 -691
1 2 -671
2 10 -5
10
1 5 -457
6 5 37
5 2 -71
8 7 479
9 7 143
7 2 623
2 3 893
3 4 567
4 10 -857
10
1 4 -183
7 3 475
3 4 319
8 6 -463
6 5 -499
5 2 -309
2 10 -159
9 4 943
4 10 -85
10
1 7 35
2 4 -47
3 6 -711
4 5 795
5 10 -103
7 10 63
8 6 191
6 9 189
9 10 247
10
1 9 719
2 6 -83
8 6 443
6 7 -235
9 7 -655
7 3 15
3 5 -373
5 4 -247
4 10 -851
10
1 3 -585
2 9 -101
5 4 573
4 3 771
6 3 -15
3 8 19
7 8 -335
8 9 983
9 10 -75
10
2 10 255
4 8 -961
6 9 -103
7 1 887
1 5 563
5 3 231
3 10 35
8 9 -491
9 10 -479
10
3 7 -495
5 2 -991
2 10 -73
7 10 -757
8 1 -81
1 6 343
6 9 63
9 4 -825
4 10 -5
10
1 2 455
2 5 443
3 9 -7
7 4 -95
4 10 -257
8 6 547
6 5 -87
9 5 799
5 10 -575
10
1 5 -859
4 9 455
5 2 23
2 8 -627
6 10 555
7 3 23
3 8 -203
8 10 975
9 10 -71
10
1 6 503
3 8 343
4 9 -191
5 2 -431
2 10 221
7 6 -623
6 9 647
8 10 99
9 10 -877
10
1 2 -855
3 2 567
4 6 -335
5 2 775
6 2 -127
2 8 -455
7 10 -45
8 9 279
9 10 -271
10
3 1 -355
1 7 -143
4 5 -543
5 10 555
6 9 -695
7 8 -189
8 2 63
2 9 -209
9 10 845
10
1 2 119
4 2 -65
5 9 -521
7 8 -3
9 6 715
6 3 -1
3 2 -351
2 8 95
8 10 -27
10
5 8 -383
6 3 -747
8 7 627
7 4 63
4 3 119
9 2 93
2 1 -55
1 3 35
3 10 459
10
2 1 -655
4 7 55
7 8 15
8 1 -265
1 6 -933
6 5 563
9 3 31
3 5 39
5 10 255
10
2 5 -611
3 1 -955
1 8 455
5 6 -643
8 7 -247
7 6 -773
6 4 -935
4 10 329
9 10 -91
10
1 5 935
2 8 -707
5 3 517
3 8 747
6 4 -345
8 4 -27
9 7 -731
7 4 -31
4 10 813
10
3 10 -39
5 6 -487
6 10 193
7 10 815
8 4 455
4 9 305
9 1 711
1 2 -901
2 10 -163
10
2 1 -455
1 4 819
5 3 -107
7 4 -879
8 4 -967
4 10 13
9 6 -471
6 3 215
3 10 923
10
1 3 47
3 4 575
5 2 -575
6 2 -971
2 10 -691
7 4 -635
4 10 45
9 8 -759
8 10 -375
10
2 10 -303
3 1 19
1 4 295
5 7 823
6 4 -511
9 8 -449
8 7 -83
7 4 935
4 10 463
10
4 8 -895
5 3 611
3 1 39
1 8 -611
6 2 -87
7 10 -445
8 2 983
2 9 -605
9 10 9
10
3 2 -509
2 4 225
4 7 3
6 7 127
7 9 923
8 10 -423
9 1 -615
1 5 287
5 10 -63
10
4 8 -45
7 10 -39
8 1 319
1 5 99
5 6 -151
6 2 -635
2 3 195
9 3 17
3 10 -47
10
7 6 -431
8 3 -31
3 6 915
6 5 355
5 4 -457
4 10 -529
9 2 847
2 1 -55
1 10 31
10
2 10 85
4 6 -507
6 5 327
5 3 123
7 1 -775
1 3 63
8 9 695
9 3 -535
3 10 655
10
2 6 -655
4 10 37
7 5 11
5 3 -885
3 1 -47
9 8 -515
8 6 651
6 1 541
1 10 -239
10
1 4 235
2 5 953
3 7 803
6 4 -655
4 7 -695
7 8 397
8 9 -639
9 5 395
5 10 -395
10
2 1 13
3 7 39
6 4 77
4 7 -311
7 8 759
8 1 -71
1 5 -15
9 5 649
5 10 -749
10
4 10 115
5 2 -955
2 9 -815
7 6 -127
6 3 -815
3 1 789
9 1 -55
1 8 903
8 10 175
10
3 9 23
4 6 383
6 7 -767
7 5 -47
5 2 -31
2 1 173
1 9 -427
8 10 855
9 10 827
10
2 5 -565
3 6 67
4 9 -39
5 8 -303
9 6 -15
6 1 -71
1 7 79
7 8 -55
8 10 255
10
3 1 895
1 2 43
2 9 287
4 6 31
5 8 715
7 6 895
8 6 303
6 9 155
9 10 219
10
2 7 207
3 9 755
4 5 703
5 7 -43
6 8 -791
8 7 -15
9 7 -5
7 1 -901
1 10 85
10
1 10 455
3 10 927
5 4 135
6 4 -11
4 10 -5
9 8 -615
8 2 959
2 7 -327
7 10 11
10
1 3 383
3 2 -5
2 6 275
5 6 567
6 10 919
8 10 95
9 7 -5
7 4 -15
4 10 -343
10
2 10 343
3 4 -87
5 4 535
4 8 515
6 9 517
7 10 -395
8 1 -597
1 9 143
9 10 -23
10
1 4 -975
3 7 879
5 4 939
7 6 823
9 6 -855
6 8 277
8 2 -725
2 4 27
4 10 935
10
1 7 -155
4 6 -361
5 2 509
7 10 -355
8 3 -15
9 3 227
3 6 -23
6 2 -15
2 10 81
10
1 10 415
3 2 -49
4 10 215
5 7 -595
6 2 -455
7 9 391
8 10 23
9 2 -55
2 10 553
10
3 8 -11
7 1 -35
1 6 693
8 6 -99
6 4 -255
9 4 -777
4 2 95
2 5 95
5 10 967
10
3 2 383
2 4 -335
7 1 627
1 6 329
6 4 439
8 9 -891
9 5 -19
5 4 -931
4 10 247
10
3 2 703
5 1 203
6 7 -715
7 4 31
8 2 601
2 4 -49
4 9 -215
9 1 -135
1 10 555
10
1 8 -71
3 2 -311
2 7 799
4 8 -27
5 6 -249
9 6 775
6 8 55
8 7 431
7 10 -999
10
2 10 315
4 1 321
6 1 455
1 7 -17
7 3 367
8 3 839
3 5 -865
5 9 -591
9 10 49
10
1 3 271
5 4 5
4 7 87
6 9 43
8 7 -745
7 2 15
2 10 23
9 3 -31
3 10 705
10
3 1 -575
4 10 -331
7 10 255
8 1 623
9 6 815
6 2 875
2 1 -399
1 5 647
5 10 865
10
2 10 595
4 10 -15
8 1 727
9 6 -719
6 5 215
5 1 541
1 3 735
3 7 583
7 10 707
10
1 7 903
2 5 -281
5 7 111
6 4 -527
8 7 55
7 4 -537
4 3 -75
9 3 -623
3 10 519
10
2 1 -383
3 8 -25
4 5 -27
6 9 887
7 5 -255
5 8 -903
9 8 149
8 1 95
1 10 -957
10
1 9 -911
2 4 -95
3 4 311
6 5 75
5 7 -579
7 9 267
8 10 -695
9 4 -43
4 10 -519
10
2 10 589
6 4 215
4 8 335
7 8 45
9 1 699
1 3 -327
3 5 963
5 8 -31
8 10 -959
10
6 10 295
7 4 155
4 2 385
8 9 -127
9 2 55
2 1 -945
1 3 -7
3 5 -75
5 10 901
10
1 3 43
6 5 551
5 4 -813
4 2 -875
8 10 531
9 7 -967
7 3 -45
3 2 -51
2 10 -15
10
1 6 -127
3 10 15
4 8 -5
6 2 -823
7 5 63
5 8 -55
8 2 -795
2 9 -511
9 10 567
10
1 3 -747
3 7 217
4 8 -581
5 2 7
6 2 -263
9 7 73
7 2 -335
2 8 -555
8 10 -655
10
2 8 -95
3 5 91
4 7 -575
7 1 623
1 5 -879
9 5 95
5 8 -351
8 6 75
6 10 13
10
3 9 335
5 7 -311
6 4 29
4 1 581
1 2 -645
7 10 75
8 9 83
9 2 319
2 10 -695
10
1 2 -647
2 9 -75
6 9 -591
7 5 -885
9 3 -631
3 5 837
5 4 -591
4 8 391
8 10 855
10
1 9 -803
4 10 -719
5 7 -51
6 8 153
7 10 23
9 3 -89
3 8 -55
8 2 883
2 10 59
10
1 6 75
4 2 755
2 9 -535
5 10 771
7 3 -73
8 3 199
9 6 39
6 3 475
3 10 -55
10
1 8 995
2 3 -35
3 10 23
4 8 -335
5 9 9
7 10 -471
9 8 461
8 6 783
6 10 15
10
3 1 -235
1 8 -477
6 4 -275
4 5 -295
5 2 197
2 9 -595
8 10 551
9 7 719
7 10 5
10
3 2 -975
4 1 839
6 5 -15
5 10 -295
7 1 -39
1 8 905
9 2 -155
2 8 -669
8 10 435
10
3 9 -55
4 2 295
5 1 717
1 2 -57
8 6 -433
9 6 -623
6 2 -455
2 7 -527
7 10 -831
10
3 6 747
4 6 363
5 1 -15
1 10 27
6 9 859
7 10 271
8 2 43
2 10 -511
9 10 -535
10
6 5 -235
5 4 -47
7 4 -185
4 8 975
8 1 215
9 3 145
3 1 367
1 2 95
2 10 -815
10
1 2 431
2 5 747
4 10 17
6 5 -403
5 3 -23
7 9 135
9 3 575
3 8 -295
8 10 965
10
4 9 835
6 3 -951
3 5 59
5 10 767
7 2 -55
2 9 223
8 1 59
1 10 -995
9 10 847
10
1 3 423
3 7 -359
7 4 -771
4 5 55
8 2 943
9 6 975
6 2 405
2 5 -775
5 10 -13
10
4 7 773
8 3 -87
9 3 -47
3 6 -205
6 1 -787
1 2 -655
2 5 631
5 7 -303
7 10 375
10
3 10 -3
4 2 -941
5 6 547
6 2 797
8 10 39
9 2 829
2 1 895
1 7 -935
7 10 -67
10
4 5 461
7 3 -459
3 6 -855
8 1 -27
1 5 -395
5 9 295
9 2 47
2 6 -379
6 10 19
10
2 5 55
4 7 383
5 6 31
6 7 665
7 3 291
8 1 339
9 1 983
1 3 -39
3 10 335
10
5 3 -81
3 9 -803
8 2 -55
2 1 -415
1 6 11
6 10 55
9 4 -615
4 7 177
7 10 163
10
1 2 815
2 7 71
3 7 -779
5 4 -75
4 9 665
7 10 373
8 6 -67
9 6 695
6 10 -867
10
4 3 141
3 6 221
5 9 727
9 2 -593
2 6 -903
6 8 95
8 7 445
7 1 647
1 10 711
10
5 4 3
4 3 -43
3 1 -27
1 2 -755
6 10 647
7 2 -647
8 2 -471
2 10 -559
9 10 -535
10
1 10 -151
5 2 -31
2 10 -51
7 8 -255
9 4 -713
4 3 -503
3 6 -895
6 8 615
8 10 305
10
5 3 15
3 7 -743
7 2 -3
2 10 393
9 4 27
4 1 -423
1 6 15
6 8 15
8 10 207
10
3 1 719
1 2 -75
4 7 -231
5 2 415
6 2 35
2 8 805
8 7 -81
9 7 -207
7 10 855
10
2 5 -703
5 10 -75
7 8 317
8 9 -153
9 1 623
1 4 803
4 6 493
6 3 93
3 10 743
10
4 3 -65
3 2 1
2 6 -659
5 1 95
1 8 971
7 8 -615
8 6 565
9 6 759
6 10 -243
10
1 3 -895
2 3 617
3 6 -35
6 4 503
4 5 -855
7 8 19
9 5 -739
5 8 347
8 10 -373
10
1 9 -39
7 6 807
6 10 677
9 2 773
2 8 -727
8 3 -1
3 5 343
5 4 815
4 10 -67
10
5 1 -897
1 2 -487
2 3 267
3 8 -863
6 4 -7
4 10 105
7 10 -55
9 8 -863
8 10 149
10
1 5 -887
3 2 -415
6 2 403
2 5 823
8 7 -63
7 5 963
5 4 757
4 9 31
9 10 49
10
2 4 -253
4 10 985
5 3 -5
7 6 -595
8 10 -43
9 1 37
1 3 67
3 6 31
6 10 327
10
2 5 -63
4 6 75
5 1 -355
7 3 -481
3 6 951
8 1 -299
9 1 643
1 6 351
6 10 55
10
2 3 863
4 1 -423
1 5 81
9 7 181
7 5 193
5 6 -639
6 8 605
8 3 103
3 10 35
10
5 6 -135
6 4 -573
4 3 -775
7 3 959
3 8 -655
8 9 -89
9 2 -295
2 1 -5
1 10 905
10
4 9 -175
6 3 -5
3 1 207
7 2 695
2 5 -145
5 9 401
9 1 915
1 8 -855
8 10 -999
10
3 6 239
4 5 -803
5 2 -87
2 9 -871
6 8 95
8 1 61
1 7 75
7 10 -43
9 10 55
10
2 5 -247
3 9 -563
4 9 75
5 10 539
6 10 155
7 9 355
9 8 -655
8 1 991
1 10 -279
10
1 2 67
3 2 327
4 7 -503
5 6 523
6 8 -15
7 10 -935
8 2 -471
9 2 677
2 10 731
10
2 4 543
5 7 -723
6 4 -297
7 3 875
3 8 443
8 1 -55
9 4 79
4 1 931
1 10 65
10
2 1 255
6 1 79
8 7 277
7 5 89
5 1 255
1 4 -903
4 10 55
9 3 -783
3 10 -55
10
1 4 391
2 9 -987
3 9 487
5 4 -99
6 8 -63
7 4 279
4 10 543
8 9 -607
9 10 255
10
3 6 79
4 1 -967
6 5 -499
5 2 -279
2 10 -547
7 8 19
8 1 -875
1 9 -979
9 10 -31
10
1 3 -915
2 10 -7
5 6 -239
6 4 -95
7 3 35
3 4 55
4 9 773
8 10 -29
9 10 -157
10
2 4 15
4 10 7
5 1 327
8 7 -637
7 6 207
6 3 -507
9 3 -975
3 1 -87
1 10 725
10
6 4 785
4 7 -279
7 3 655
3 2 9
2 8 -775
9 5 357
5 8 705
8 1 -743
1 10 -323
10
3 9 693
4 9 -35
6 10 -79
7 1 -395
1 2 575
2 5 87
5 8 -535
8 9 -925
9 10 635
10
1 6 -15
2 3 -159
4 9 575
5 7 -151
7 3 -35
8 3 -731
3 9 65
9 6 495
6 10 675
10
1 8 -963
3 9 -185
4 6 213
6 8 -415
7 5 -33
8 5 -85
9 2 159
2 5 337
5 10 -219
10
2 5 -843
7 6 -55
6 1 55
9 5 55
5 8 67
8 4 -655
4 3 -57
3 1 495
1 10 -63
10
1 6 -771
3 5 759
4 8 -815
5 6 -19
8 2 59
2 6 -579
9 7 325
7 6 453
6 10 23
10
1 7 983
6 3 9
3 4 37
7 2 707
2 10 -95
8 5 -877
9 5 903
5 4 531
4 10 -335
10
2 1 -645
3 1 75
1 4 -475
4 10 981
6 5 527
5 10 767
8 7 623
7 9 879
9 10 -671
10
1 4 63
2 3 -723
4 6 -71
5 8 -611
7 10 -55
8 3 605
9 3 607
3 6 349
6 10 -161
10
1 4 -381
2 3 37
3 8 587
5 7 -799
8 6 255
6 4 -255
4 7 -83
7 10 -825
9 10 -695
10
2 5 471
4 10 -659
5 9 -977
8 1 -355
1 3 -645
3 7 -975
7 6 -137
6 10 695
9 10 -517
10
1 8 535
3 2 103
2 4 733
4 10 -733
5 6 -751
7 9 63
8 6 33
9 6 -375
6 10 151
10
3 2 613
5 4 201
6 1 607
1 8 191
7 4 -455
4 10 -25
8 10 439
9 2 -135
2 10 843
10
3 1 463
1 4 931
6 2 -911
2 4 385
4 5 37
8 7 695
9 7 499
7 5 -505
5 10 -655
10
1 5 71
4 5 -39
6 9 45
7 9 11
9 8 511
8 2 -335
2 5 -379
5 3 -3
3 10 -423
10
1 5 -91
5 4 -643
6 7 59
8 2 -985
2 4 -63
9 7 865
7 4 847
4 3 -213
3 10 -459
10
2 8 555
4 9 249
5 8 475
8 6 535
6 1 423
1 7 15
7 3 -95
3 10 -171
9 10 -57
10
1 6 89
3 10 -95
4 9 -491
6 5 -25
8 7 -911
7 10 231
9 2 55
2 5 -529
5 10 -61
10
1 2 -555
3 4 -835
7 6 29
8 5 335
5 4 -127
4 6 415
6 10 -955
9 2 -191
2 10 -271
10
1 8 935
2 4 -5
3 5 643
4 7 -483
5 10 -837
8 7 -89
7 6 31
9 6 -27
6 10 -119
10
4 1 -189
5 2 55
6 2 -695
2 10 -897
8 7 -31
7 1 655
1 9 -387
9 3 795
3 10 -885
10
1 6 -369
3 2 -847
2 6 623
5 9 415
6 10 -15
7 10 631
8 4 -973
4 9 -583
9 10 15
10
4 5 -299
5 3 -415
6 2 353
2 8 -583
7 10 -543
8 1 121
1 3 -335
3 9 -491
9 10 961
10
3 4 -19
4 6 -535
6 5 907
5 8 -339
8 9 73
9 7 13
7 1 -709
1 2 187
2 10 83
10
3 1 855
1 2 -137
2 8 -929
7 8 -995
8 4 -15
9 4 93
4 5 103
5 6 3
6 10 -639
10
1 4 671
3 8 67
4 6 195
8 10 -213
9 2 -423
2 7 -879
7 6 -807
6 5 -71
5 10 95
10
1 7 333
2 10 749
4 3 711
9 3 -919
3 6 -73
6 7 -707
7 8 687
8 5 -463
5 10 89
10
1 10 -43
2 10 -995
5 10 -959
6 9 -419
8 4 655
4 10 -565
9 3 -99
3 7 -623
7 10 655
10
1 2 339
3 7 -659
7 4 93
4 9 -71
8 2 -719
9 5 105
5 6 473
6 2 -905
2 10 175
10
4 1 603
1 8 -51
5 2 -535
2 8 -347
7 9 55
8 3 -375
3 6 -135
6 10 607
9 10 137
10
1 5 -395
2 9 -875
5 3 915
3 4 -441
4 10 995
8 6 -95
9 7 221
7 6 435
6 10 -73
10
2 1 -87
4 1 563
5 7 209
6 9 -43
7 3 655
3 10 591
8 1 -87
1 9 -623
9 10 -453
10
1 5 -35
2 6 -913
3 10 -903
4 6 -275
7 8 -5
8 9 469
9 5 -255
5 6 -369
6 10 47
10
4 10 -103
5 9 -129
6 3 -231
7 3 -155
3 10 23
8 10 655
9 2 695
2 1 943
1 10 495
10
2 7 -25
3 8 579
5 7 375
6 1 503
1 4 31
8 4 -713
4 7 -91
7 10 -535
9 10 -811
10
2 7 75
4 1 23
7 6 -735
6 5 71
5 3 -567
8 9 -531
9 3 23
3 1 -15
1 10 815
10
1 5 -627
2 3 987
3 9 575
4 8 105
6 9 -855
8 7 205
7 9 -275
9 5 845
5 10 247
10
1 9 -5
2 9 -95
3 7 -359
4 7 -31
6 9 129
7 8 135
8 5 365
9 5 -83
5 10 185
10
6 2 19
7 1 55
1 5 -455
8 4 -245
4 10 3
9 5 787
5 3 -383
3 2 -615
2 10 55
10
1 5 -75
2 6 -11
3 4 -231
4 5 645
5 6 -45
7 6 151
6 8 163
8 10 -855
9 10 -45
10
3 5 -355
4 1 771
1 2 35
6 5 -615
5 8 283
7 2 -755
2 10 995
9 8 951
8 10 591
10
2 1 669
4 3 -141
3 1 395
1 9 -619
6 8 -709
7 10 -51
9 5 -31
5 8 55
8 10 67
10
5 2 759
2 6 -593
6 1 83
7 3 223
3 1 99
8 4 -373
9 1 -175
1 4 -687
4 10 187
10
3 1 615
7 6 523
6 5 367
8 1 287
9 5 -91
5 2 -981
2 1 623
1 4 15
4 10 399
10
2 1 -771
1 3 55
4 10 -643
5 8 575
6 9 -815
7 3 583
3 10 -659
8 9 -303
9 10 551
10
2 9 -43
4 1 -65
1 7 631
7 5 75
5 10 -537
9 8 943
8 3 151
3 6 -695
6 10 -843
10
2 7 29
3 1 65
1 4 775
4 5 -311
7 8 555
8 9 -215
9 5 187
5 6 955
6 10 -663
10
2 8 227
5 1 -735
6 10 655
7 3 -527
3 1 -27
8 1 -455
9 4 -155
4 1 -629
1 10 55
10
1 8 783
4 3 -491
3 2 811
7 10 215
8 10 817
9 5 321
5 6 -215
6 2 -543
2 10 703
10
3 9 -285
5 8 -11
6 4 -567
4 7 -95
9 1 -269
1 2 -519
2 7 381
7 8 -171
8 10 775
10
5 2 83
7 2 -181
8 9 347
9 1 -97
1 3 -511
3 4 -39
4 6 801
6 2 -33
2 10 -555
10
4 3 -743
5 1 -673
7 6 615
6 1 675
1 10 287
9 3 23
3 8 -875
8 2 -67
2 10 -37
10
1 4 -345
2 8 -799
6 10 439
7 4 591
4 8 15
8 9 231
9 3 871
3 5 -271
5 10 -43
10
2 6 -835
4 1 -847
6 10 -319
7 3 435
3 1 403
1 5 -131
8 9 -325
9 5 -445
5 10 -387
10
2 7 319
3 1 -363
4 7 -485
6 5 113
5 8 -275
7 8 -643
8 1 225
1 10 417
9 10 75
10
2 5 687
4 1 15
1 7 -387
6 8 -69
7 3 939
3 8 -777
8 5 -607
5 9 71
9 10 119
10
1 3 223
3 2 -61
8 7 131
9 6 -851
6 4 779
4 7 583
7 5 895
5 2 -33
2 10 59
10
4 3 945
6 1 881
8 3 -129
9 1 -83
1 2 911
2 5 -113
5 7 657
7 3 249
3 10 -15
10
2 7 -975
4 1 -93
1 5 -981
7 6 -939
8 5 729
5 6 -135
9 3 -231
3 6 831
6 10 -49
10
1 7 -59
3 2 -719
4 9 43
6 9 75
7 9 -679
9 5 585
5 2 55
2 8 -655
8 10 -95
10
2 1 -867
1 8 535
3 6 -807
4 9 -959
7 6 25
6 9 83
8 5 503
5 10 991
9 10 847
10
1 4 529
2 3 -181
4 7 -783
5 3 -191
3 6 355
7 6 567
9 6 -101
6 8 791
8 10 991
10
1 2 -855
3 5 43
4 2 -705
5 6 815
7 2 -711
2 10 -19
9 8 5
8 6 1
6 10 -239
10
1 5 51
4 10 -105
5 3 593
3 2 -789
2 10 -415
6 7 65
7 9 -765
8 9 -405
9 10 479
10
2 9 655
3 1 -933
1 5 751
4 9 -27
8 5 825
5 6 141
9 6 271
6 7 -331
7 10 523
10
4 9 -799
6 1 705
1 3 -15
7 5 -81
8 5 -561
9 2 -623
2 3 -3
3 5 311
5 10 -803
10
4 5 855
5 2 375
6 1 279
7 3 -75
3 1 445
1 2 -37
2 10 7
9 8 615
8 10 199
10
4 9 67
5 8 35
7 9 -329
8 2 91
2 3 -267
3 6 677
9 6 -391
6 1 -447
1 10 263
10
5 1 79
1 4 685
7 8 869
8 4 95
4 3 -285
3 9 977
9 6 727
6 2 -595
2 10 -379
10
3 7 675
5 6 25
8 2 -623
2 1 -495
1 4 247
9 4 -265
4 7 -735
7 6 -11
6 10 -255
10
4 8 -763
5 2 551
7 6 275
6 10 859
8 10 -231
9 1 -965
1 3 -145
3 2 -911
2 10 539
10
1 4 515
3 2 623
2 5 87
5 8 -663
8 4 655
4 7 -83
7 6 -239
6 9 -625
9 10 627
10
5 1 59
6 7 473
7 4 619
4 1 -95
9 1 -803
1 2 -755
2 3 763
3 8 911
8 10 -893
10
4 9 181
5 8 -605
6 2 63
7 2 815
2 10 -115
8 1 613
1 3 635
3 9 -375
9 10 -361
10
1 9 -673
3 6 749
4 2 -127
2 7 257
7 6 -665
6 5 207
8 10 -655
9 5 805
5 10 175
10
1 8 -55
2 3 87
3 5 -743
5 7 -15
7 9 -701
8 10 -671
9 4 25
4 6 -231
6 10 -851
10
1 4 -705
2 4 15
4 6 87
5 10 651
8 3 3
3 7 -67
7 6 -401
6 9 593
9 10 -495
10
1 10 -911
3 4 575
4 2 359
2 5 -95
6 5 23
5 7 7
7 8 365
8 10 355
9 10 3
10
5 1 623
1 3 899
6 3 231
7 10 -175
9 3 855
3 8 55
8 4 815
4 2 -215
2 10 -571
10
2 10 -515
3 1 127
4 6 -279
8 1 625
1 7 -101
9 5 675
5 7 -75
7 6 615
6 10 -87
10
1 3 865
2 4 -383
3 10 943
5 4 -175
6 7 -23
8 7 43
9 4 135
4 7 -255
7 10 -135
10
4 10 973
5 8 -319
6 9 971
7 10 15
9 3 15
3 1 965
1 8 655
8 2 -35
2 10 -439
10
2 10 687
3 9 835
6 4 767
7 1 499
1 10 -905
8 9 -549
9 4 639
4 5 -127
5 10 195
10
1 10 495
3 8 -763
7 6 -991
6 8 285
8 2 295
2 4 899
4 9 -811
9 5 -103
5 10 -807
10
4 7 5
6 10 409
7 3 815
3 1 375
8 1 -659
1 5 165
9 2 167
2 5 415
5 10 419
10
2 6 919
3 5 -807
5 4 -95
4 9 375
7 8 -605
9 6 191
6 1 653
1 8 673
8 10 -29
10
1 6 63
3 2 731
2 8 65
7 9 579
8 4 763
4 9 333
9 5 -391
5 6 63
6 10 165
10
2 8 -315
8 1 455
1 7 215
7 5 67
9 6 695
6 4 267
4 5 -743
5 3 207
3 10 51
10
1 4 77
2 4 747
6 4 327
4 9 239
7 8 -5
8 10 663
9 5 789
5 3 197
3 10 -895
10
3 6 535
4 1 -99
1 10 -855
7 8 -521
9 5 327
5 2 -59
2 6 127
6 8 -35
8 10 -79
10
1 7 -143
4 2 399
5 2 71
6 8 -29
7 3 255
3 8 -475
9 8 -95
8 2 601
2 10 -55
10
1 4 995
4 9 -567
6 5 -35
5 3 639
3 8 -829
7 10 455
8 10 815
9 2 -55
2 10 -399
10
1 7 441
3 4 59
5 2 979
2 6 745
6 10 -989
7 9 821
8 4 199
4 9 -855
9 10 -951
10
1 5 -423
4 6 863
5 7 -191
8 3 -145
3 7 -903
7 10 -257
9 6 -777
6 2 991
2 10 11
10
3 7 -191
4 1 -167
1 8 -839
6 5 -301
5 7 151
7 9 159
9 2 69
2 8 517
8 10 -175
10
2 1 -15
4 7 -555
5 8 -231
6 3 559
8 7 -361
7 10 975
9 1 601
1 3 67
3 10 51
10
1 9 -3
3 4 -251
5 4 599
4 8 -855
7 9 -707
8 6 21
9 2 -65
2 6 219
6 10 269
10
3 4 -327
5 2 -927
2 4 -331
7 6 663
8 4 -883
4 6 49
6 1 -735
9 1 -451
1 10 623
10
4 9 -535
5 7 981
6 2 595
7 10 -447
9 1 -905
1 3 -907
3 8 75
8 2 -711
2 10 -855
10
1 10 469
6 9 753
7 8 -799
8 5 -575
5 3 -75
9 3 395
3 4 25
4 2 987
2 10 -663
10
1 2 191
3 5 -813
7 5 837
5 2 -295
2 6 211
6 8 27
9 4 -89
4 8 -371
8 10 -523
10
1 9 55
2 3 -991
3 9 361
7 5 863
5 4 -55
4 6 155
6 8 -55
8 10 -515
9 10 -55
10
1 3 -255
7 4 895
4 3 -279
3 10 551
8 2 -955
2 6 -11
6 10 55
9 5 691
5 10 -287
10
5 7 479
6 8 -647
7 10 -115
8 2 735
2 3 -463
3 4 -17
4 1 809
9 1 -715
1 10 -927
10
2 10 593
5 9 759
8 4 -295
4 7 245
7 9 -251
9 6 499
6 3 263
3 1 855
1 10 -79
10
3 1 267
4 5 -767
5 1 -223
1 10 25
7 8 -277
8 2 -455
9 2 243
2 6 215
6 10 -25
10
1 3 -935
5 3 -839
3 6 499
8 9 535
9 6 -67
6 2 -415
2 4 785
4 7 55
7 10 391
10
5 2 -527
2 4 343
6 8 979
7 4 399
8 1 629
1 3 -875
3 9 803
9 4 655
4 10 -7
10
6 3 -45
3 2 5
9 1 385
1 2 955
2 5 855
5 4 -143
4 7 -389
7 8 -795
8 10 -553
10
2 8 19
5 3 -239
3 10 571
7 6 -427
6 4 151
4 8 183
8 10 -883
9 1 -67
1 10 -145
10
2 1 -447
3 9 -95
8 4 -395
4 1 5
9 6 623
6 5 287
5 7 -321
7 1 -201
1 10 -207
10
2 9 -5
5 3 785
3 6 -11
6 8 -447
7 4 -975
4 8 465
8 1 -719
1 9 215
9 10 655
10
3 1 -79
1 2 -25
2 8 -135
6 4 55
8 7 29
9 5 463
5 7 -495
7 4 -319
4 10 -419
10
1 8 657
2 9 507
3 7 11
6 8 73
7 4 -231
4 5 815
5 10 11
9 8 497
8 10 419
10
5 1 -971
1 3 767
6 10 287
7 3 -55
8 3 15
9 3 311
3 4 -307
4 2 59
2 10 -63
10
1 10 503
4 10 -71
5 3 915
3 7 9
7 10 675
8 10 33
9 2 -487
2 6 111
6 10 547
10
1 10 -363
2 9 303
3 4 67
5 4 -359
7 4 -345
4 8 -321
8 10 -9
9 6 -3
6 10 -495
10
3 6 -179
5 7 -879
6 1 -37
1 7 -963
7 2 887
8 4 -459
4 9 591
9 2 389
2 10 -245
10
1 9 607
3 2 -971
8 7 255
7 4 55
4 9 -923
9 6 407
6 5 -399
5 2 -193
2 10 11
10
1 2 -755
2 4 107
3 6 71
4 9 793
6 5 17
5 8 913
8 10 223
9 7 11
7 10 -99
10
1 2 -823
2 8 -903
3 9 -23
4 7 673
6 9 719
7 9 -325
9 5 343
5 8 -119
8 10 -537
10
1 7 -127
2 7 63
3 9 -507
4 5 927
5 10 -663
6 8 -187
7 10 855
8 10 -31
9 10 -735
10
2 7 973
4 3 879
3 8 485
6 10 -575
8 1 895
9 7 -27
7 1 97
1 5 71
5 10 5
10
3 5 -665
5 4 559
4 2 -385
2 9 -343
9 7 -35
7 1 55
1 8 -255
8 6 -15
6 10 -781
10
2 6 -515
8 6 995
6 4 75
4 5 -29
5 7 -835
7 1 -175
9 3 -855
3 1 279
1 10 -727