965
16464
5376
409342369
7455307
44928
21600
182250
466560
248832
9800
268800
82944
65536
7560
94080
76800
6804
4680
2403381
291600
6840
2
128000
10260
12800
42000
150528
63000
15400
5
172032
8640
414720
288
16524
20328
2070
25
37440
176400
29160
21
18
13122
476014
34300
21384
3584
998244353
655360
29250
192000
20736
14336
994617
12348
20000
95040
12096
491520
57
2025
1836
31680
39600
30
36960
1000000
21504
32670
2688
3888
1440
69120
1008
746803744
43
4536
217728
88704
102
102060
787320
85881
6075
30240
230400
88
69888
5657
59136
30030
32256
2352
32805
72000
50000
16128
89100
48
4312
72900
61740
59400
21000
147456
4160
10080
517759
8550
54
540
388800
262440
16
179200
3000
93312
4173641
1056
53
27
60480
160
135000
3780
56448
107
480000
21952
4620
38497
473
10240
71805
5824
501
105840
8826131
6144
816
3168
98304
3509575
518400
8424
2618049
17136
70560
4
4788
15876
48384
50688
71
2707
47
368640
279936
768
9425
28
72
33401221
5304
8347
311040
7776
25200
696
11
115248
46
24576
256000
79548
31752
34020
38400
134400
2156
7
39936
10710
25490988
9450
6541551
118263990
364500
1944
6400
10000
4896
168000
81000
81
99840
524288
79
132300
10800
198450
3240
41580
4725
2268
18816
129600
47473
4914
13824
4800
204120
6552
22950
15750
235200
14400
725573
12150
4539685
207360
9900
49
43680
44
31104
5040
3600
98415
18720
934
8976
136080
23040
2250
18480
448
17920
998506315
58
660
4943
583200
139968
40
640
233280
42768
21383
96228
3375
70200
1323
2520
20160
40950
29952
5361
5601
14112
30720
52488
25920
209952
276480
90720
29400
8
15120
105
109
504
224
8100
1848
194241
110592
300000
23100
63180
55296
15680
99000
7040
34
131220
281
294912
172800
62
6930
16224
646
1584
108000
107520
122
916855204
989447237
243000
56160
459270
5600
6480
142560
49152
441
1960
2376
106
108
116640
396
3360
23232
3645
161280
33792
80640
29120
1680
559
19440
83160
42
3900
14688
1048576
97200
49000
44800
90
11085765
11016
981028563
38
6000
322081025
1632
37800
49920
67584
29
270000
104976
12000
17820
103
10560
11232
15
7296
221184
38880
912
22680
115200
123480
630
2560
6765
954158175
77
301056
8660
524880
472392
688978813
2640
163840
110250
23
536870912
3564
1764
70000
95
10368
3264
9827
8748
91857
57600
983900459
405
53760
40320
4320
10500
633
245760
33696
1000000000
45360
17
3371
519
129
9000
61440
36283838
9489
8000
13860
131
457481
4675
129024
320
13680
141120
27456
241920
1800
340200
2340
85
8015864
42120
214573
58320
12870
9504
16000
45
226800
74880
32000
430080
331776
7128
24192
999999999
24300
25600
4374
28512
6
19
4158
164640
181440
961175759
50400
155520
8208
87
35100
7390
362
216
1386
4655
97
442368
300
3696
4032
373248
22176
60
23328
215040
11000
1134
6300
50
86016
142884
71280
103680
67893369
202500
20592
22500
112000
52
24
110
346742385
4000
546
240000
66
70
375000
949106497
9
115
64
67200
33600
792
80
259200
12240
76032
8960
3960
7680
336000
19008
322560
27184698
193
101250
89600
2906162
4410
1600
180000
2600
61966
16200
2100
145152
3024
87480
900360029
32
25002
4752
144000
552960
17640
28080
3456
2000
614400
114688
5400
964532929
9100
8320
969
3072
42755209
12544
162000
42105
252000
625433749
10752
665
126720
201600
48510
36
2200
32076
967669583
15552
100800
1520
70400
5000
5940
22
60000
5767201
180
8087519
54600
18432
153600
33108
1728
7025
28672
813
47958485
672
46464
112896
957262828
23760
174960
9409159
700
8064
5073
7389
189
1741
5721
13230
257
33750
79200
93
112
22848
63
1671
1701
2400
7056
391
81648
54880
49896
307200
44550
28000
47628
11340
302400
14
2730
120000
393216
3157819
127008
393660
133650
5184
288000
1530
362880
323
24000
327680
5808
40824
57344
58054077
85050
9240
75600
5297
2736
200000
68040
5250
47040
64152
116
83
57024
8448
34944
192
5044
92160
105600
420
49500
138240
26
8400
4560
2431
314928
7392
2304
51
6399199
282791
94500
84000
1
58800
244944
999999998
4704
70235461
89
4488
432255
17550
653477439
2940
7920
29484
124416
324000
32640
94770
1512
432000
4050
95256
86400
24750
194400
34560
2720
26880
49280
1260
900
699840
5200
2016
8250
21840
75264
169344
111
35503
922505446
3
118
64512
77760
1890
66528
43200
904152917
18000
165888
85536
55
73
1620
33
864
122880
42336
32400
113
96000
2430
1100
19200
546750
40960
92317161
81920
23400
145800
101
84240
2880
48600
41600
16800
78
20
405000
123
9180
13500
999999937
38016
54432
27000
1904
641
69984
4608
673921
18240
12672
9408
91
1817
63504
810
805306368
1001
64800
23115571
216000
170
196608
68
14560
98
29700
510205
96
622080
63360
7200
150000
100696425
35280
151200
24480
56
78000
1001604
361
59
132000
486000
9216
135
53940
13
10
66150
45000
86
30973
621008
43740
74088
3864
281250
987
3312
108864
468
72576
184320
117
786432
64922375
23814
2160
119
6037
697106497
19800
84
482421315
971866761
14040
41472
96768
65
67500
26460
8372259
125
589833267
48238
50544
105000
56700
31200
11264
3120
64680
567
31590
168960
16320
986129769
7785
211680
120
37
99
1615
4200
32768
474
4733
27720
225792
8316
7290
84480
1215
8772
127
7897861
17424
15840
408240
460800
186624
54000
193536
2310
104
306180
13056
5520
131980
345600
22464
35640
52920
576
51030
27216
28800
13440
20480
57624
78750
51840
7938
19656
82268566
226151256
92400
122877509
124
128
34111
24696
16380
3510
6750
395
80949857
14700
163296
121
85712697
9600
8624
65610
31
157464
1249
2097152
5616
118272
52800
125440
31500
21870
36864
73728
360000
1500
62208
4480
35
12960
75
49392
67
12768
126
34848
782
118800
84579
74
5760
94
12288
7500
5625
11664
349920
587234
76
1920
170100
5280
236250
5120
6720
938017885
926315427
48000
92
5346
17280
46080
1824
21168
2592
69
3528
15288
